0.0 2.0 3.0 4.0 5.0 6.0 11.0 13.0 16.0 18.0 20.0 21.0 23.0 24.0 26.0 27.0 29.0 30.0 31.0 36.0 39.0 40.0 42.0 43.0 44.0 46.0 47.0 48.0 49.0 50.0 51.0 52.0 53.0 54.0 57.0 59.0 61.0 62.0 63.0 65.0 66.0 67.0 68.0 69.0 70.0 73.0 74.0 75.0 76.0 78.0 79.0 80.0 81.0 82.0 83.0 84.0 86.0 87.0 88.0 89.0 90.0 91.0 92.0 94.0 95.0 96.0 97.0 98.0 100.0 101.0 102.0 104.0 105.0 107.0 109.0 110.0 111.0 112.0
2.0 0.0 4.2527064157678955 4.041437627108391 7.306842178322548 10.263766678939527 16.132087016626073 19.462276106283568 27.81965642592787 7.965503702283376 11.680909243960109 15.023986145271179 17.991474085686825 22.43197498322143 28.09464886694343 31.34969710575554 37.23025526735594 35.98639219192128 38.86450909710878 45.97349591567668 54.32856325183701 52.45470093465174 15.722554828085027 16.125474392508924 18.762421890705042 24.212820942261004 24.685660616764448 26.08959183216121 17.96820773346643 20.853987017494767 20.642266797826217 24.5110328160754 29.426888492857444 34.11386964598526 61.35330846200964 65.78441064156826 68.23584127097837 71.36634569902664 70.06193300308009 21.686482357802003 25.447650948513964 29.18392254343125 32.9765324832631 37.29183705963799 27.747459077221404 45.26585535287927 50.57984681858069 50.022918812703324 46.73101834846631 51.495464724974234 57.227052676394045 54.89184172122229 53.51427036678999 25.059838697634973 26.41885898288972 49.821668650275654 63.24346692871854 65.1644479694535 70.47693421929469 80.47693421881795 52.839484982840176 50.64356997687823 30.968906660580906 32.066054685636466 36.90033713414455 39.358879875974296 43.64132041884505 80.80040224058392 44.69622475973333 24.141661264139763 23.784973695593063 31.42308444663549 31.92804886678315 57.978245574499695 82.84111427974489 90.24052856585472 87.94339965098303 35.33354609308644
3.0 4.2527064157678955 0.0 8.29414404286763 3.0541357613114117 6.011060262067664 11.879380599597521 15.209569688938759 23.566950008653734 12.218210118989301 15.933615660725561 19.276692562231155 22.24418050256458 26.684681399722976 32.34735528376612 35.60240352266476 41.48296168402905 40.23909860849116 43.11721551368205 50.22620233242766 58.58126966857605 56.70740735116044 11.469848411096814 11.872767975643232 14.509715474185477 19.960114524870907 20.432954199714413 21.836885415344774 13.715501316585401 16.601280600721957 16.389560381018185 20.25832639955465 25.174182075554068 29.861163229362898 65.6060148787578 70.03711705847793 72.48854768807703 75.61905211603008 74.31463941889825 17.433775940848836 21.194944531323433 24.93121612683203 28.723826066547655 33.039130643314685 23.494752660389373 49.51856176950445 54.83255323550303 54.27562522899647 50.98372476526539 55.748171141648555 61.47975909317916 59.144548138145836 57.76697678376382 20.807132280785865 22.166152565911 54.07437506722265 67.49617334560998 69.41715438664386 74.72964063684108 84.72964063554909 57.092191399652435 54.89627639341512 26.71620024342409 27.813348268523537 32.64763071728383 35.10617345906802 39.38861400206208 85.05310865600057 40.44351834344536 19.888954847408133 19.532267278743394 27.170378029830673 27.67534245011106 62.230951991215804 87.09382069651573 94.49323498311193 92.19610606847253 31.080839676089035
4.0 4.041437627108391 8.29414404286763 0.0 11.34827980432516 14.305204305165153 20.173524642762047 23.503713732157834 31.861094051795348 3.9240660758696535 7.639471617742521 10.982548519177751 13.950036459613688 18.390537356845982 24.05321124074785 27.30825947943564 33.1888176411903 31.944954565869942 34.82307147069935 41.93205828963073 50.28712562579367 48.413263308704266 19.76399245410486 20.16691201886273 22.803859517128746 28.25425856832002 28.727098242936844 30.13102945850876 22.009645359540336 24.89542464371346 24.68370442411485 28.552470442460454 33.46832611898903 38.15530727208697 57.311870835706706 61.74297301518307 64.1944036450989 67.32490807225835 66.02049537713395 25.727919983760252 29.48908857459111 33.225360169875344 37.0179701093123 41.33327468620557 31.788896703752002 41.22441772685635 46.538409192439104 45.98148118598605 42.689580722331065 47.454027098837756 53.18561505024298 50.85040409502864 49.47283274068063 29.101276323697803 30.460296608538226 45.780231024361 59.202029302550955 61.123010343487856 66.4354965931741 76.43549659262999 48.79804735635945 46.6021323501715 35.010344286265806 36.10749231133563 40.941774760287394 43.40031750203932 47.68275804507169 76.75896461255704 48.737662386144116 28.183098890313033 27.82641132162363 35.464522072929405 35.96948649302916 53.93680794822883 78.79967665371966 86.19909093916536 83.90196202593728 39.374983718944854
5.0 7.306842178322548 3.0541357613114117 11.34827980432516 0.0 2.956924500785692 8.825244838420176 12.15543392793439 20.51281424743219 15.272345880208533 18.987751422071817 22.330828323573222 25.2983162638141 29.738817161237193 35.401491044965816 38.65653928392451 44.537097444845486 43.29323436947761 46.171351274965375 53.28033809394381 61.63540542970101 59.76154311260464 8.415712649713566 8.818632214501838 11.45557971259273 16.90597876390008 17.378818438500822 18.782749653961893 10.661365555228523 13.547144839336172 13.33542461969836 17.204190638139025 22.120046314790578 26.80702746790346 68.66015064005592 73.09125281990394 75.54268344922104 78.6731878771228 77.36877518095925 14.37964017946673 18.140808770483204 21.877080365526293 25.669690304767975 29.984994882008376 20.440616898817886 52.57269753122338 57.88668899713354 57.329760990661725 54.0378605264423 58.80230690300054 64.53389485457782 62.19868389935976 60.82111254495854 17.752996519500392 19.112016804084224 57.128510828514045 70.55030910671685 72.47129014764063 77.78377639696282 87.78377639738954 60.146327160816064 57.95041215468098 23.662064482030146 24.75921250726277 29.593494955884733 32.05203769773757 36.33447824037176 88.10724441733257 37.38938258185098 16.83481908598084 16.478131517311382 24.116242268677087 24.62120668895561 65.28508775244447 90.14795645831809 97.54737074277821 95.25024182932907 28.026703914664377
6.0 10.263766678939527 6.011060262067664 14.305204305165153 2.956924500785692 0.0 5.868320337675912 9.198509427181438 17.555889746770966 18.229270380997775 21.94467592280774 25.287752824262384 28.255240764556422 32.695741662016374 38.35841554604342 41.61346378456549 47.494021946130815 46.25015887070647 49.12827577561623 56.237262594661914 64.59232993071922 62.71846761323061 5.458788148983077 5.86170771365446 8.498655211985215 13.949054263109941 14.42189393755035 15.825825153276186 7.704441054567552 10.590220338640046 10.378500118951605 14.247266137359334 19.163121813588795 23.850102967058103 71.61707514074332 76.04817732040723 78.49960795010793 81.63011237858008 80.3256996817543 11.422715678537395 15.183884269738511 18.9201558647663 22.71276580395169 27.028070381650267 17.48369239845925 55.52962203192395 60.84361349769824 60.28668549141885 56.994785027275455 61.759231403824245 67.49081935528271 65.15560840012644 63.77803704578179 14.796072018932687 16.155092303510575 60.08543532917091 73.50723360782436 75.42821464836635 80.7407008989128 90.7407008974252 63.10325166153875 60.9073366555609 20.705139981103027 21.80228800632328 26.63657045521085 29.095113197090853 33.37755374010469 91.0641689178448 34.432458081216254 13.877894585105274 13.521207016633571 21.159317767793134 21.66428218794219 68.2420122533009 93.1048809585981 100.50429524443817 98.2071663306432 25.069779414045936
11.0 16.132087016626073 11.879380599597521 20.173524642762047 8.825244838420176 5.868320337675912 0.0 9.544148116600748 17.901528436310436 24.09759071870228 27.81299626039121 31.156073161908182 34.1235611021694 38.56406199972966 44.22673588341496 47.481784122135096 53.362342283746614 52.11847920827083 54.99659611325393 62.10558293220883 70.46065026781196 68.58678795058009 7.804426838502074 8.207346403308263 10.844293901689152 16.294692952734582 16.767532627215793 18.171463843087 10.050079744066945 12.935859028239323 12.724138808501277 16.59290482704782 21.508760503244353 26.195741656570096 77.48539547820909 81.91649765802268 84.36792828840723 87.49843271632406 86.19402001947338 13.768354368352377 17.529522958953702 21.265794554290217 25.058404493763145 29.373709070936574 19.829331088041755 61.39794236903437 66.71193383554105 66.15500582887539 62.86310536490576 67.62755174129907 73.35913969287142 71.02392873768923 69.64635738336335 15.141710708428528 16.50073099318383 65.95375566691035 79.37555394537958 81.29653498639766 86.60902123610684 96.60902123546771 68.97157199922256 66.77565699323743 21.050778670807457 22.147926695861038 26.982209144871376 29.440751886409473 33.72319242956738 96.93248925641774 36.778096770622255 16.22353327481157 15.866845706131496 23.504956457425322 24.009920877617443 74.11033259084155 98.97320129662063 106.37261558171365 104.07548666669871 27.415418103596288
13.0 19.462276106283568 15.209569688938759 23.503713732157834 12.15543392793439 9.198509427181438 9.544148116600748 0.0 19.05280819904522 27.427779808120846 31.143185349850185 34.486262251433786 37.4537501916498 41.89425108907837 47.556924973011675 50.81197321135617 56.692531373160406 55.44866829739209 58.32678520272802 65.43577202178817 73.79083935795133 71.91697704128194 11.134615928077839 11.537535492818206 14.174482990765922 19.62488204234364 20.097721716651424 21.501652932347408 13.380268833373293 16.266048117412254 16.054327897860983 19.923093916512407 24.838949593273046 29.52593074592698 80.81558456837152 85.24668674778329 87.69811737699938 90.82862180521266 89.52420910793485 17.098543457461584 20.859712048402265 24.59598364400536 28.388593582869333 32.70389815925716 23.159520177446915 64.72813145888416 70.04212292495853 69.48519491866368 66.19329445437637 70.9577408307509 76.68932878242568 74.3541178271482 72.97654647278334 16.29299047104107 17.65201075576391 69.28394475643847 82.70574303466367 84.62672407545742 89.93921032503891 99.93921032587394 72.30176108896758 70.10584608262852 22.20205843355769 23.299206458513428 28.1334889075686 30.592031649295215 34.874472192076865 100.26267834602349 40.10828586063235 19.55372236420928 19.197034795669325 26.83514554679047 27.340109967166306 77.44052168030407 102.30339038621392 109.70280467042483 107.40567575623041 30.7456071931969
16.0 27.81965642592787 23.566950008653734 31.861094051795348 20.51281424743219 17.555889746770966 17.901528436310436 19.05280819904522 0.0 35.78516012763065 39.50056566945681 42.84364257078225 45.81113051123343 50.25163140853727 55.91430529265074 59.169353530660075 65.04991169328348 63.80604861705698 66.68416552273807 73.79315234135964 82.14821967764956 80.2743573595495 19.4919962476206 19.894915812460347 22.531863310559647 27.98226236173327 28.455102036329876 29.859033252080756 21.7376491531784 24.623428437386963 24.411708217569647 28.280474236069388 33.196329912176935 37.883311065436715 89.17296488697494 93.60406706687242 96.05549769656884 99.18600212546474 97.88158942919878 25.455923777363644 29.217092368316216 32.95336396300243 36.74597390316882 41.06127848033988 31.516900496890145 73.08551177834815 78.39950324463999 77.84257523766343 74.55067477415263 79.31512115030631 85.04670910183788 82.71149814668817 81.33392679235769 20.13559066940532 21.494610954116595 77.64132507594874 91.06312335398576 92.98410439507069 98.29659064471517 108.2965906441168 80.6591414080934 78.46322640195763 26.04465863187143 16.55891738172358 21.39319983065113 23.851742572439157 28.13418311538416 108.62005866529807 48.46566617931194 27.91110268393272 27.55441511509325 35.19252586648429 35.69749028666891 85.7979019997466 110.66077070575713 118.06018499077156 115.76305607692314 39.10298751241299
18.0 7.965503702283376 12.218210118989301 3.9240660758696535 15.272345880208533 18.229270380997775 24.09759071870228 27.427779808120846 35.78516012763065 0.0 3.715405541848286 7.0584824434397655 10.025970383677423 14.466471281238192 20.129145164799162 23.38419340364987 29.26475156542945 28.020888489800818 30.899005395084814 38.007992213927 46.36305954963962 44.48919723201625 23.688058529968067 24.090978094685724 26.727925592858252 32.17832464417041 32.65116431851753 34.055095534319236 25.933711435434684 28.819490719566534 28.607770499827645 32.47653651824354 37.39239219482624 42.07937334796181 53.387804760657545 57.8189069394613 60.270337569015766 63.400841996011366 62.09642930115147 29.651986059719388 33.41315465049603 37.1494262455598 40.94203618514743 45.25734076216136 35.712962779273894 37.300351650886135 42.61434311600083 42.057415110467254 38.765514646401485 43.5299610229149 49.261548974430866 46.92633801924403 45.548766664910445 33.02534239956867 34.384362684338925 41.85616494869551 55.277963226449785 57.19894426775716 62.51143051699276 72.51143051736314 44.87398128084198 42.6780662747795 38.934410362008634 40.031558387101924 44.86584083590118 47.32438357783387 51.6068241208158 72.83489853740132 52.66172846199989 32.10716496608549 31.750477397363767 39.38858814876417 39.893552568940834 50.01274187236589 74.87561057812613 82.27502486456099 79.97789594941742 43.299049794876645
20.0 11.680909243960109 15.933615660725561 7.639471617742521 18.987751422071817 21.94467592280774 27.81299626039121 31.143185349850185 39.50056566945681 3.715405541848286 0.0 3.343076901476854 6.310564841865872 10.751065739336752 16.413739623118133 19.66878786163727 25.549346023901045 24.305482948278087 27.183599852762036 34.29258667215836 42.64765400812538 40.77379169117745 27.403464071690674 27.80638363647663 30.443331134747282 35.89373018591554 36.36656986037971 37.77050107628261 29.64911697725047 32.53489626134341 32.32317604158821 36.19194206017214 41.10779773651941 45.79477888983051 49.67239921757707 54.1035013980448 56.554932027003666 59.68543645554685 58.38102375906167 33.36739160140216 37.128560192201434 40.86483178743809 44.6574417269089 48.972746303971334 39.42836832108812 33.584946108962086 38.89893757341691 38.342009568548946 35.050109104702 39.814555481105245 45.54614343268414 43.21093247743306 41.833361123082426 36.74074794134864 38.09976822608517 38.14075940657303 51.56255768451232 53.48353872586566 58.79602497588622 68.79602497498672 41.15857573912436 38.96266073335847 42.64981590383424 43.746963928960284 48.58124637767801 51.039789119753074 55.32222966276672 69.11949299489461 56.37713400374008 35.822570507979194 35.465882939285365 43.103993690589796 43.608958110675374 46.29733633126073 71.16020503498571 78.55961932151384 76.26249040758191 47.014455336705794
21.0 15.023986145271179 19.276692562231155 10.982548519177751 22.330828323573222 25.287752824262384 31.156073161908182 34.486262251433786 42.84364257078225 7.0584824434397655 3.343076901476854 0.0 2.9674879402567464 7.4079888378191345 13.07066272164463 16.325710960216917 22.206269122178025 20.962406046594943 23.840522951488218 30.94950977061292 39.30457710656996 37.430714789133944 30.746540973234495 31.149460538082806 33.7864080361834 39.236807087427486 39.70964676192487 41.11357797750804 32.992193878688106 35.877973162882014 35.66625294316781 39.53501896164918 44.450874637961505 49.137855791268365 46.32932231618463 50.76042449651325 53.211855125573926 56.34235955367822 55.03794685803742 36.71046850296172 40.47163709376325 44.20790868877354 48.000518628233536 52.31582320525617 42.771445222528364 30.241869207522626 35.5558606732974 34.99893266793025 31.707032203211988 36.471478579684856 42.20306653123293 39.867855575963034 38.490284221854296 40.08382484291528 41.44284512767615 34.7976825049014 48.219480783301876 50.140461824228154 55.45294807414931 65.45294807401683 37.81549883764264 35.61958383166968 45.99289280524957 47.09004083046035 51.9243232793656 54.382866021108335 58.66530656386844 65.77641609439226 59.72021090531088 39.165647409404315 38.80895984073058 46.44707059210175 46.952035012113534 42.95425942974443 67.81712813447984 75.2165424205929 72.9194135058867 50.35753223812843
23.0 17.991474085686825 22.24418050256458 13.950036459613688 25.2983162638141 28.255240764556422 34.1235611021694 37.4537501916498 45.81113051123343 10.025970383677423 6.310564841865872 2.9674879402567464 0.0 4.4405008975299385 10.103174781247851 13.358223020025392 19.23878118178166 17.994918106198377 20.87303501127832 27.982021830304483 36.337089166490706 34.4632268490586 33.714028913531635 34.11694847828903 36.753895976528874 42.20429502793465 42.67713470200499 44.08106591766176 35.95968181901462 38.845461103116456 38.6337408834315 42.50250690196226 47.41836257832451 52.10534373153196 43.36183437695689 47.79293655565385 50.24436718517297 53.37487161328832 52.07045891774728 39.67795644316007 43.43912503395325 47.17539662914801 50.96800656860999 55.28331114570389 45.73893316278373 27.27438126709041 32.5883727331475 32.03144472672644 28.739544262901184 33.50399063938072 39.2355785909385 36.90036763569531 35.522796281251225 43.05131278303813 44.41033306796664 31.830194564775944 45.25199284286543 47.172973883901776 52.48546013362639 62.485460133503636 34.84801089728617 32.65209589114896 48.960380745737936 50.05752877074021 54.89181121964436 57.35035396159603 61.6327945043181 62.80892815389504 62.6876988455696 42.133135349804746 41.77644778110689 49.41455853236331 49.91952295235856 39.986771489003196 64.84964019450045 72.24905448053666 69.9519255654708 53.32502017861712
24.0 22.43197498322143 26.684681399722976 18.390537356845982 29.738817161237193 32.695741662016374 38.56406199972966 41.89425108907837 50.25163140853727 14.466471281238192 10.751065739336752 7.4079888378191345 4.4405008975299385 0.0 5.662673883789097 8.917722122572023 14.798280284317432 13.554417208751492 16.432534113870233 23.541520933071986 31.896588268976167 30.022725951571488 38.154529810861675 38.55744937574731 41.19439687397293 46.64479592544408 47.11763559956946 48.52156681524733 40.400182716437826 43.28596200067157 43.074241780824536 46.943007799409045 51.85886347578255 56.54584462906449 38.921333479155955 43.35243565808342 45.80386628768517 48.93437071604273 47.62995801958736 44.11845734056668 47.87962593142526 51.61589752662763 55.4085074660438 59.72381204332352 50.17943406009588 22.833880369665557 28.147871835883443 27.59094382919661 24.29904336548499 29.063489741931427 34.79507769344949 32.4598667382906 31.082295384267407 47.49181368070617 48.85083396544066 27.389693667399797 40.811491945658624 42.732472986704586 48.04495923626148 58.04495923556753 30.40750999980331 28.211594993642752 53.40088164329474 54.49802966818978 59.33231211717573 61.790854859035605 66.07329540172766 58.368427256308365 67.12819974289457 46.57363624732821 46.21694867847705 53.85505942980759 54.360023849814276 35.54627059147917 60.40913929573736 67.80855358211822 65.51142466747268 57.76552107599744
26.0 28.09464886694343 32.34735528376612 24.05321124074785 35.401491044965816 38.35841554604342 44.22673588341496 47.556924973011675 55.91430529265074 20.129145164799162 16.413739623118133 13.07066272164463 10.103174781247851 5.662673883789097 0.0 3.255048238696924 9.135606400551174 7.891743325067845 10.769860230169144 17.87884704922144 26.233914385181997 24.36005206789754 43.81720369471674 44.22012325944674 46.85707075780449 52.30746980887776 52.78030948286437 54.184240698946624 46.06285660032414 48.94863588429193 48.73691566490549 52.60568168325979 57.52153735969796 62.20851851289514 33.2586595957834 37.68976177495101 40.1411924045373 43.27169683269322 41.967284136423594 49.7811312242384 53.5422998151867 57.278571410489405 61.07118134985487 65.38648592672367 55.84210794356302 17.17120648581159 22.485197951675012 21.928269945985623 18.63636948179243 23.400815858142657 29.13240380973867 26.797192854541585 25.419621500144054 53.15448756437537 54.513507848706524 21.727019783565034 35.14881806178368 37.069799102903836 42.38228535268391 52.38228535246411 24.744836115920542 22.548921110116737 59.063555526899556 60.160703552269126 64.99498600090239 67.45352874257175 71.73596928525734 52.705753373050904 72.79087362702776 52.23631013089303 51.87962256221829 59.51773331378298 60.02269773391061 29.883596707754364 54.746465413303525 62.145879699535925 59.848750784798646 63.428194959600766
27.0 31.34969710575554 35.60240352266476 27.30825947943564 38.65653928392451 41.61346378456549 47.481784122135096 50.81197321135617 59.169353530660075 23.38419340364987 19.66878786163727 16.325710960216917 13.358223020025392 8.917722122572023 3.255048238696924 0.0 5.880558161875609 4.636695086364624 7.514811991451177 14.623798810406525 22.978866146452468 21.1050038294866 47.07225193329151 47.47517149793086 50.112118996717484 55.5625180477365 56.035357721649234 57.439288937730765 49.31790483896346 52.20368412317381 51.99196390381975 55.86072992225118 60.77658559800783 65.46356675166595 30.003611356428557 34.43471353667302 36.88614416565912 40.01664859338086 38.7122358973952 53.03617946351432 56.79734805414883 60.53361964899413 64.32622958853226 68.64153416536595 59.097156182330224 13.916158247097842 19.23014971306858 18.67322170679062 15.381321243012913 20.14576761951315 25.877355571042006 23.542144615815957 22.164573261456713 56.40953580308452 57.76855608745621 18.47197154505162 31.89376982292788 33.81475086424002 39.12723711348821 49.1272371137624 21.489787877434246 19.29387287143885 62.31860376535043 63.41575179039868 68.2500342398394 70.7085769811656 74.99101752421618 49.45070513412765 76.04592186602234 55.49135836957977 55.134670800838606 62.772781552124485 63.277745972530276 26.628548469017712 51.491417174363384 58.890831459952516 56.59370254519693 66.6832431983427
29.0 37.23025526735594 41.48296168402905 33.1888176411903 44.537097444845486 47.494021946130815 53.362342283746614 56.692531373160406 65.04991169328348 29.26475156542945 25.549346023901045 22.206269122178025 19.23878118178166 14.798280284317432 9.135606400551174 5.880558161875609 0.0 3.4672476390676605 1.634253829464019 8.743240647844626 17.098307985044826 15.224445667263733 52.952810094989616 53.35572966031714 55.992677158284906 61.443076208885856 61.91591588393408 63.31984709938929 55.19846300058957 58.08424228469477 57.87252206482883 61.74128808332963 66.65714375998809 71.34412491306652 24.12305319477406 28.5541553740506 31.005586004048855 34.136090431755015 32.83167773612814 58.91673762479498 62.67790621574402 66.41417781077516 70.20678775020512 74.52209232727978 64.97771434396915 12.746710800107103 18.060702266355857 17.503774259567166 9.500763081132524 14.265209457655821 19.99679740921646 17.66158645408447 16.284015099668473 62.29009396476329 63.6491142487193 17.302524097570515 30.724322376028322 32.64530341625543 33.24667895178521 43.24667895194105 15.609229715466048 13.41331470936999 68.19916192685976 69.29630995235044 74.13059240049799 76.58913514314563 80.8715756860179 43.57014697265787 81.92648002716923 61.371916531274536 61.01522896254039 68.65333971395422 69.15830413401066 20.747990307292106 45.610859012696 53.010273298606755 50.71314438455631 72.56380136002274
30.0 35.98639219192128 40.23909860849116 31.944954565869942 43.29323436947761 46.25015887070647 52.11847920827083 55.44866829739209 63.80604861705698 28.020888489800818 24.305482948278087 20.962406046594943 17.994918106198377 13.554417208751492 7.891743325067845 4.636695086364624 3.4672476390676605 0.0 5.101501468705942 12.210488287704434 20.56555562376993 18.691693306495807 51.70894701936774 52.11186658428912 54.74881408259641 60.19921313300166 60.67205280805122 62.075984024199386 53.95459992509528 56.84037920935516 56.62865898976479 60.49742500836738 65.41328068446059 70.10026183762533 27.590300833988607 32.02140301309609 34.47283364279772 37.6033380711848 36.298925374855855 57.67287454921999 61.43404314030221 65.17031473526171 68.96292467470178 73.27822925171722 63.73385126887665 9.279463160959251 14.593454626643833 14.036526620340103 12.968010720226335 17.73245709677368 23.464045048439367 21.128834093039387 19.75126273867956 61.046230889246544 62.40525117371203 13.83527645934324 27.257074736724956 29.178055777805508 36.7139265907 46.71392659122007 19.07647735448219 16.880562348554744 66.9552988517271 68.05244687626987 72.88672932665509 75.34527206782508 79.62771261009524 47.03739461120426 80.68261695171819 60.128053456195985 59.77136588755898 67.40947663847162 67.91444105898144 24.215237946151625 49.07810665156145 56.47752093730187 54.180392023136676 71.31993828454888
31.0 38.86450909710878 43.11721551368205 34.82307147069935 46.171351274965375 49.12827577561623 54.99659611325393 58.32678520272802 66.68416552273807 30.899005395084814 27.183599852762036 23.840522951488218 20.87303501127832 16.432534113870233 10.769860230169144 7.514811991451177 1.634253829464019 5.101501468705942 0.0 7.108986819027146 15.464054155720572 13.590191838167454 54.58706392451573 54.98998348969683 57.62693098828956 63.077330039789274 63.550169712996514 64.95410092932514 56.832716830417496 59.71849611415547 59.50677589394833 63.37554191288358 68.29139758934957 72.97837874266929 22.488799365040414 26.91990154422973 29.37133217479896 32.50183660288641 31.197423906645206 60.550991454371726 64.31216004512542 68.0484316403443 71.84104157954171 76.15634615662901 66.61196817407637 14.380964629446693 19.694956095741667 19.138028088726017 7.866509251661426 12.630955628108389 18.36254357970376 16.027332624475545 14.649761270053492 63.924347794136196 65.28336807916725 18.93677792727677 32.3585762054712 34.27955724723066 31.6124251224748 41.61242512322911 13.97497588602354 11.779060880041964 69.83341575667473 70.93056378273336 75.76484623093309 78.22338897224861 82.50582951546427 41.93589314352292 83.56073385650532 63.00617036084718 62.64948279212627 70.28759354340391 70.79255796341778 19.11373647780356 43.97660518294881 51.37601946844628 49.07889055474686 74.19805518955008
36.0 45.97349591567668 50.22620233242766 41.93205828963073 53.28033809394381 56.237262594661914 62.10558293220883 65.43577202178817 73.79315234135964 38.007992213927 34.29258667215836 30.94950977061292 27.982021830304483 23.541520933071986 17.87884704922144 14.623798810406525 8.743240647844626 12.210488287704434 7.108986819027146 0.0 8.355067336092631 6.481205018791835 61.696050743428415 62.0989703080044 64.73591780668752 70.18631685757202 70.65915653198621 72.06308774787298 63.94170364930017 66.82748293328686 66.61576271369698 70.48452873177831 75.4003844083461 80.08736556142459 15.379812546200561 19.810914725842906 22.26234535521782 25.392849783116038 24.088437086853457 67.65997827337205 71.42114686409963 75.15741845926391 78.95002839864111 83.26533297571471 73.720954993127 21.48995144881399 26.80394291520632 26.247014908166825 10.78818257527432 15.552628951461603 21.284216903213405 18.949005947871235 17.571434593668705 71.0333346132544 72.39235489849708 26.045764745540808 39.46756302581811 41.38854406590829 24.50343830363305 34.503438303715804 12.43375966851718 10.23784466253103 76.94240257582551 78.03955060141675 82.87383304995596 85.33237579191501 89.61481633455008 34.826906323409965 90.66972067546749 70.11515717976647 69.75846961105471 77.39658036216653 77.90154478264029 22.035409800645574 36.867618363721746 44.26703264960093 41.969903735028225 81.30704200873097
39.0 54.32856325183701 58.58126966857605 50.28712562579367 61.63540542970101 64.59232993071922 70.46065026781196 73.79083935795133 82.14821967764956 46.36305954963962 42.64765400812538 39.30457710656996 36.337089166490706 31.896588268976167 26.233914385181997 22.978866146452468 17.098307985044826 20.56555562376993 15.464054155720572 8.355067336092631 0.0 4.510697632388767 70.05111807947677 70.45403764434668 73.09098514310172 78.5413841940191 79.0142238678404 80.41815508395533 72.29677098505056 75.18255026889872 74.97083004941373 78.839596067544 83.75545174466399 88.44243289730325 13.409305159703697 17.840407340020967 20.29183796915983 23.422342397922755 22.117929700790732 76.01504560924462 79.7762141999178 83.5124857954565 87.30509573431974 91.62040031161227 82.07602232944272 29.845018784860287 35.15901025074433 34.602082244578426 19.143249912094312 23.90769628804055 29.639284239372685 27.304073283863914 25.92650192992566 79.38840194916577 80.74742223415436 34.40083208234668 47.82263036069537 49.74361140178652 22.5329309171265 32.53293091709736 20.788827004059605 18.592911999058586 85.29746991188357 86.39461793680239 91.2289003865863 93.68744312777355 97.9698836701152 32.85639893778456 99.02478801135757 78.47022451505204 78.11353694746049 85.75164769792269 86.25661211908692 30.39047713719298 34.89711097753825 42.29652526401288 39.999396349095676 89.66210934418399
40.0 52.45470093465174 56.70740735116044 48.413263308704266 59.76154311260464 62.71846761323061 68.58678795058009 71.91697704128194 80.2743573595495 44.48919723201625 40.77379169117745 37.430714789133944 34.4632268490586 30.022725951571488 24.36005206789754 21.1050038294866 15.224445667263733 18.691693306495807 13.590191838167454 6.481205018791835 4.510697632388767 0.0 68.17725576256387 68.58017532757428 71.21712282542029 76.6675218763464 77.14036155110372 78.544292766745 70.42290866769696 73.30868795235548 73.09696773201885 76.96573375002131 81.88158942691805 86.5685705802778 8.898607527624417 13.32970970676244 15.78114033643253 18.911644765439632 17.607232067919902 74.1411832913623 77.90235188287252 81.6386234780573 85.43123341732056 89.74653799434276 80.20216001126792 27.97115646763571 33.28514793319633 32.72821992649415 17.269387593325472 22.033833970734648 27.765421921484418 25.430210967048517 24.052639612527642 77.51453963176115 78.87355991718687 32.52696976523374 45.94876804392529 47.86974908428539 18.022233284692803 28.02223328468064 18.914964686954008 16.719049681239497 83.42360759442818 84.52075561961664 89.35503806800567 91.81358081090147 96.0960213531587 28.34570130486682 97.1509256940458 76.59636219803664 76.23967462952027 83.87778538084552 84.38274980060602 28.51661482024435 30.386413345488016 37.785827632747846 35.488698715918865 87.78824702700969
42.0 15.722554828085027 11.469848411096814 19.76399245410486 8.415712649713566 5.458788148983077 7.804426838502074 11.134615928077839 19.4919962476206 23.688058529968067 27.403464071690674 30.746540973234495 33.714028913531635 38.154529810861675 43.81720369471674 47.07225193329151 52.952810094989616 51.70894701936774 54.58706392451573 61.696050743428415 70.05111807947677 68.17725576256387 0.0 5.340237267271467 7.9771847655590555 13.427583816764052 13.900423491104565 15.304354706832857 2.245652905592603 5.13143218967271 4.919711969928641 8.788477988214474 13.704333664846812 18.391314818128333 77.07586328937705 81.50696546849892 83.95839609871487 87.08890052709845 85.784487831235 10.901245232347144 14.662413823070215 18.398685417987508 22.1912953574925 26.506599934739583 16.96222195184963 60.988410180781585 66.30240164689273 65.74547364048713 62.45357317620983 67.21801955266244 72.94960750402886 70.61439654904204 69.23682519474012 16.73217851970368 18.091198804535203 65.54422347826619 78.96602175621234 80.8870027975877 86.19948904660927 96.19948904747748 68.56203981049754 66.36612480449644 22.641246482268837 23.738394507231042 28.57267695610597 31.03121969764344 35.31366024078009 96.52295706694743 33.9109876346751 8.419106436257525 8.06241886760086 15.700529618873976 16.205494038984472 73.70080040210226 98.56366910641324 105.96308339345896 103.66595447945531 19.610991265058033
43.0 16.125474392508924 11.872767975643232 20.16691201886273 8.818632214501838 5.86170771365446 8.207346403308263 11.537535492818206 19.894915812460347 24.090978094685724 27.80638363647663 31.149460538082806 34.11694847828903 38.55744937574731 44.22012325944674 47.47517149793086 53.35572966031714 52.11186658428912 54.98998348969683 62.0989703080044 70.45403764434668 68.58017532757428 5.340237267271467 0.0 5.2737828136350995 8.087346549589375 8.56018622404386 9.964117439563347 7.5858901727554695 10.47166945686138 10.259949237151766 14.128715255509023 19.04457093210444 23.73155208534557 77.47878285502226 81.90988503469444 84.36131566371921 87.49182009167396 86.18740739544174 8.197843280063786 11.959011871074797 15.69528346638149 19.487893405624252 23.803197982433538 11.621984684629199 61.39132974555893 66.70532121158485 66.14839320489875 62.85649274096762 67.62093911748212 73.35252706892322 71.01731611383155 69.63974475952594 17.135098084299333 18.494118368993316 65.94714304293944 79.36894132102162 81.28992236224688 86.60240861119433 96.60240861098012 68.96495937572071 66.76904436911926 23.044166047037237 24.14131407183317 28.975596520745903 31.43413926255558 35.71657980564896 96.92587663156195 31.207585682552338 13.759343703465156 13.402656134893778 21.040766886132765 21.54573130611635 74.10371996681606 98.96658867214484 106.36600295778146 104.068874044844 24.95122853211122
44.0 18.762421890705042 14.509715474185477 22.803859517128746 11.45557971259273 8.498655211985215 10.844293901689152 14.174482990765922 22.531863310559647 26.727925592858252 30.443331134747282 33.7864080361834 36.753895976528874 41.19439687397293 46.85707075780449 50.112118996717484 55.992677158284906 54.74881408259641 57.62693098828956 64.73591780668752 73.09098514310172 71.21712282542029 7.9771847655590555 5.2737828136350995 0.0 13.361129363121528 13.833969037516333 15.237900253166309 10.222837670934315 13.108616955286038 12.89689673538972 16.765662753857814 21.68151843032143 26.36849958365002 80.11573035234858 84.54683253270122 86.99826316165638 90.12876759039148 88.8243548946993 2.9240604666566594 6.685229057456824 10.421500652631403 14.214110592089627 18.529415169172527 16.895767498265396 64.0282772437321 69.34226871006214 68.78534070282204 65.49344023926318 70.2578866156882 75.98947456715052 73.65426361200018 72.27669225749693 19.77204558265649 21.13106586757876 68.58409054109924 82.00588881948131 83.92686986053124 89.23935610955706 99.23935610995693 71.60190687379045 69.4059918675863 25.681113545255354 26.778261570339158 31.612544018705552 34.07108676128661 38.35352730408017 99.56282412938319 25.93380286892388 16.39629120169579 16.039603633040088 23.677714384338678 24.18267880457888 76.74066746516948 101.60353616987824 109.0029504544488 106.70582154225954 27.588176030528693
46.0 24.212820942261004 19.960114524870907 28.25425856832002 16.90597876390008 13.949054263109941 16.294692952734582 19.62488204234364 27.98226236173327 32.17832464417041 35.89373018591554 39.236807087427486 42.20429502793465 46.64479592544408 52.30746980887776 55.5625180477365 61.443076208885856 60.19921313300166 63.077330039789274 70.18631685757202 78.5413841940191 76.6675218763464 13.427583816764052 8.087346549589375 13.361129363121528 0.0 8.40816212056061 1.8767708900856206 15.673236722308921 18.559016006362953 18.347295786846914 22.21606180530079 27.131917481612362 31.818898634905217 85.56612940429818 89.99723158379433 92.44866221270848 95.57916664137966 94.27475394493322 16.285189829789832 20.046358420541317 23.782630015874695 27.575239955303132 31.890544532444967 11.46996058129088 69.47867629510611 74.79266776129819 74.23573975432046 70.94383929040629 75.7082856668478 81.43987361848724 79.10466266347888 77.72709130902291 25.222444633887182 26.581464918556257 74.03448959250106 87.45628787075333 89.37726891210225 94.68975516159514 104.68975516109359 77.05230592480763 74.85639091861523 31.13151259636473 32.22866062126711 37.062943070757946 39.521485812096216 43.803926355294706 105.01322318128558 39.294932232113844 21.846690253376437 21.49000268460257 29.12811343567885 29.633077855898385 82.1910665164965 107.05393522150176 114.45334950780796 112.15622059285346 33.038575081604286
47.0 24.685660616764448 20.432954199714413 28.727098242936844 17.378818438500822 14.42189393755035 16.767532627215793 20.097721716651424 28.455102036329876 32.65116431851753 36.36656986037971 39.70964676192487 42.67713470200499 47.11763559956946 52.78030948286437 56.035357721649234 61.91591588393408 60.67205280805122 63.550169712996514 70.65915653198621 79.0142238678404 77.14036155110372 13.900423491104565 8.56018622404386 13.833969037516333 8.40816212056061 0.0 10.284933010683476 16.146076396668573 19.03185568084174 18.82013546123695 22.688901479604446 27.60475715599326 32.29173830936975 86.038969077194 90.47007125764614 92.9215018877537 96.05200631563021 94.74759361907977 16.758029504075058 20.51919809478266 24.255469690397874 28.048079629657096 32.363384206569364 3.0617984607298174 69.95151596931461 75.2655074356879 74.70857942853118 71.41667896491903 76.18112534144977 81.91271329277917 79.57750233780865 78.1999309833798 25.69528430819689 27.054304593016454 74.50732926688886 87.929127544806 89.85010858625117 95.16259483576198 105.16259483623082 77.52514559932159 75.32923059340543 31.604352271027658 32.70150029570935 37.53578274494328 39.994325486255875 44.27676602933289 105.48606285513682 39.76777190645235 22.319529927404872 21.962842358600636 29.600953109773542 30.10591752983963 82.66390619069229 107.5267748970612 114.92618918307399 112.62906026820625 33.51141475581443
48.0 26.08959183216121 21.836885415344774 30.13102945850876 18.782749653961893 15.825825153276186 18.171463843087 21.501652932347408 29.859033252080756 34.055095534319236 37.77050107628261 41.11357797750804 44.08106591766176 48.52156681524733 54.184240698946624 57.439288937730765 63.31984709938929 62.075984024199386 64.95410092932514 72.06308774787298 80.41815508395533 78.544292766745 15.304354706832857 9.964117439563347 15.237900253166309 1.8767708900856206 10.284933010683476 0.0 17.55000761251795 20.435786896489375 20.22406667673297 24.092832695246038 29.008688371750452 33.69566952496163 87.44290029420165 91.87400247294612 94.32543310306438 97.45593753162575 96.15152483524716 18.161960719762515 21.923129310607074 25.65940090592406 29.452010845354557 33.76731542234518 13.346731471395572 71.35544718530254 76.66943865077435 76.11251064434093 72.82061018041799 77.58505655701096 83.31664450861697 80.98143355306878 79.6038621989293 27.0992155239581 28.458235808567167 75.91126048251098 89.33305876122859 91.25403980169463 96.56652605105671 106.5665260511602 78.92907681518625 76.73316180857493 33.008283486603545 34.10543151158483 38.93971396035296 41.39825670193917 45.680697245226455 106.88999407121975 41.17170312230586 23.72346114305499 23.366773574533667 31.00488432580626 31.509848746015606 84.06783740661513 108.93070611154965 116.33012039694863 114.0329914831687 34.91534597208647
49.0 17.96820773346643 13.715501316585401 22.009645359540336 10.661365555228523 7.704441054567552 10.050079744066945 13.380268833373293 21.7376491531784 25.933711435434684 29.64911697725047 32.992193878688106 35.95968181901462 40.400182716437826 46.06285660032414 49.31790483896346 55.19846300058957 53.95459992509528 56.832716830417496 63.94170364930017 72.29677098505056 70.42290866769696 2.245652905592603 7.5858901727554695 10.222837670934315 15.673236722308921 16.146076396668573 17.55000761251795 0.0 2.885779284100465 2.674059064373955 6.5428250828511665 11.458680759187045 16.145661912574145 79.3215161945786 83.7526183743311 86.20404900402846 89.33455343150726 88.03014073638107 13.146898137811577 16.908066728178483 20.644338323847876 24.436948263227265 28.752252840195325 19.20787485737147 63.234063086193025 68.54805455197288 67.99112654582645 64.6992260817595 69.46367245806056 75.19526040962478 72.86004945432427 71.48247810012563 18.97783142525925 20.3368517099355 67.78987638375166 81.21167466185896 83.13265570320237 88.44514195236674 98.44514195186895 70.80769271601811 68.61177771046391 24.886899387725006 25.984047412854938 30.818329861783383 33.27687260352985 37.55931314641095 98.76860997339057 36.156640540053026 6.173453530709706 5.81676596208474 13.454876713303136 13.959841133417907 75.94645330759688 100.80932201314232 108.20873629910632 105.91160738322925 17.36533835941958
