0.0 2.0 3.0 4.0 5.0 6.0 11.0 13.0 16.0 18.0 20.0 21.0 23.0 24.0 26.0 27.0 29.0 30.0 31.0 36.0 39.0 40.0 42.0 43.0 44.0 46.0 47.0 48.0 49.0 50.0 51.0 52.0 53.0 54.0 57.0 59.0 61.0 62.0 63.0 65.0 66.0 67.0 68.0 69.0 70.0 73.0 74.0 75.0 76.0 78.0 79.0 80.0 81.0 82.0 83.0 84.0 86.0 87.0 88.0 89.0 90.0 91.0 92.0 94.0 95.0 96.0 97.0 98.0 100.0 101.0 102.0 104.0 105.0 107.0 109.0 110.0 111.0 112.0
2.0 0.0 6.817472392254491 6.809883361155487 14.153437352624314 21.42489459434543 47.08350854310892 53.700614105371784 65.25348255401359 13.546867850307875 20.093636487493526 26.723082710368473 32.9529384941889 40.73829517576121 53.56045294865821 59.79331630871836 74.32642742647378 74.78404107565339 80.9767917329716 101.27417408773132 111.88564575503472 116.35275244356217 47.18007739593105 55.75347339126375 55.63274876291092 71.48864286694477 71.68056036561845 80.4658608546039 56.4559571352583 64.92526882475076 65.50080664778233 73.46537674729291 78.02339093409057 82.48934057318385 128.66452911296096 133.63837078631232 137.1530201815326 145.55226327954603 146.22699740451895 62.5710363383392 69.71104741532001 77.65803064174342 84.83014215534871 92.33430554349185 79.83369591506386 90.38968143731701 97.89834561533058 97.78827302591374 98.74528195006769 106.39866601663775 113.6549314312673 107.3598707736015 107.56775910760527 64.2941231210227 67.01910486819702 98.69997345266658 114.23925686911511 114.74525089518355 137.235540236136 145.04997994038322 107.90558140096695 106.78122871025643 75.24478794597417 70.67000201854401 75.37330921372282 72.04596417625234 81.42823937717371 160.9118345564649 100.27988560154449 72.03177182876762 72.26121981806818 87.76604657583258 87.78248498649542 116.04786619607134 166.38037137106386 177.02798982237175 175.91629062468996 94.49085921724631
3.0 6.817472392254491 0.0 13.62735575291801 7.335964960737302 14.607422202585537 40.26603615101713 46.883141713782074 58.436010162575215 20.36434024208038 26.911108879358103 33.5405551020435 39.77041088607591 47.555767567213316 60.3779253405939 66.61078870013961 81.14389982102024 81.60151346740099 87.79426412188039 108.09164645930024 118.70311814296852 123.17022483626117 40.36260500418024 48.93600099980355 48.81527637075666 64.67117047454153 64.86308797428221 73.64838846302109 49.63848474324835 58.10779643305867 58.683334254917 66.64790435543341 71.20591854325437 75.67186818190427 135.48200150632334 140.45584318308642 143.97049258013845 152.36973567459938 153.04446979836757 55.753563946963446 62.89357502432545 70.84055824962815 78.01266976408269 85.51683315379817 73.01622352389627 97.20715382902569 104.71581800733941 104.60574541760563 105.56275434885478 113.21613841288656 120.47240382529736 114.17734319797162 114.38523155274952 57.47665072946628 60.201632476318835 105.51744584394238 121.05672926071426 121.56272328649965 144.05301262823798 151.8674523251123 114.72305379454126 113.59870111814502 68.42731555327792 63.852529627704335 68.55583682225219 65.22849178502628 74.61076698626557 167.72930694483796 93.46241321024503 65.21429943700089 65.44374742593953 80.94857418451623 80.96501259439604 122.86533858268129 173.19784376867074 183.84546221295673 182.73376300841136 87.67338682472369
4.0 6.809883361155487 13.62735575291801 0.0 20.963320713362855 28.23477795527644 53.89339190394318 60.510497466358 72.06336591405362 6.73698448930462 13.283753126587502 19.91319934948783 26.143055133161404 33.928411814706045 46.7505695879776 52.983432947219825 67.51654407044995 67.97415771446077 74.16690836428421 94.4642907279021 105.07576239329683 109.54286908646719 53.98996075689229 62.56335675217919 62.44263212310098 78.29852622664508 78.49044372713828 87.27574421535229 63.26584049551405 71.73515218525041 72.31069000757861 80.27526010784285 84.83327429437621 89.29922393341383 121.85464575566061 126.82848742159538 130.3431368276664 138.74237991929058 139.41711404540052 69.3809196996926 76.52093077648584 84.46791400252175 91.64002551552844 99.1441889053882 86.64357927621471 83.57979807612556 91.08846225461087 90.97838966503228 91.93539858881908 99.58878265841128 106.84504806084097 100.549987429899 100.75787575782985 71.10400648219186 73.82898823041151 91.89009009195556 107.42937350792057 107.93536753391481 130.4256568767251 138.2400965724364 101.09569804410907 99.97134535308338 82.05467130717217 77.47988537943374 82.18319257422878 78.85584753785145 88.23812273617101 154.10195119538974 107.08976896277304 78.84165519020863 79.07110317764594 94.57592993669233 94.59236834758524 109.23798280106709 159.57048801315557 170.21810646158673 169.1064072588895 101.30074257852462
5.0 14.153437352624314 7.335964960737302 20.963320713362855 0.0 7.271457241997403 32.93007119065187 39.54717675272541 51.10004520139674 27.700305202669607 34.24707383989439 40.876520062841095 47.10637584656753 54.891732527974774 67.71389030204689 73.94675366025265 88.47986477847945 88.9374784273814 95.1302290918723 115.4276114184712 126.0390831039952 130.50618979712192 33.02664004338132 41.60003603916189 41.479311409778504 57.33520551403615 57.52712301304544 66.31242350232353 42.30251978214451 50.77183147245283 51.347369295135174 59.311939394841986 63.86995358166557 68.33590322117944 142.8179664689197 147.79180813532363 151.30645753752594 159.70570062919268 160.3804347598065 48.417598986777975 55.557610063010884 63.50459328940494 70.67670480278325 78.18086819169667 65.68025856270646 104.54311878949616 112.05178296781514 111.94171037819197 112.8987192948668 120.55210336463932 127.80836877787542 121.51330817109752 121.72119650391858 50.140685768802484 52.86566751663398 112.85341080601847 128.39269422112736 128.89868824706548 151.38897758802972 159.2034172876053 122.05901876473833 120.93466606594227 61.0913505943737 56.516564665871535 61.2198718633762 57.89252682478045 67.27480202331984 175.0652719082126 86.12644824938205 57.878334476623436 58.107782465384744 73.61260922257617 73.6290476344756 130.2013035410856 180.53380872634546 191.18142717646253 190.06972797127497 80.33742186537596
6.0 21.42489459434543 14.607422202585537 28.23477795527644 7.271457241997403 0.0 25.658613948746048 32.275719510768866 43.828587959861466 34.971762444536026 41.51853108169268 48.1479773046855 54.377833088578285 62.16318976992413 74.98534754382996 81.21821090193748 95.75132202789061 96.20893566985032 102.40168632231902 122.69906868127853 133.31054034826934 137.77764703944075 25.75518280135018 34.32857879737188 34.207854167777455 50.06374827183372 50.25566577174214 59.04096625999648 35.03106253998075 43.500374230059435 44.07591205301615 52.04048215285475 56.59849633930034 61.06444597879837 150.08942370723236 155.0632653810227 158.57791478250863 166.9771578734727 167.6518920013822 41.14614174438567 48.2861528205406 56.23313604880406 63.405247560603264 70.90941095141687 58.408801320566695 111.81457603122408 119.3232402093904 119.21316762007811 120.17017653836649 127.82356061440785 135.07982602791046 128.78476538463553 128.9926537337472 42.86922852692757 45.594210275479696 120.12486804713774 135.66415146308864 136.1701454893929 158.6604348316595 166.47487452769462 129.33047602121871 128.20612331887781 53.81989335151368 49.245107424154114 53.948414618135885 50.621069581742645 60.00334478091792 182.33672914427763 78.85499100640614 50.60687723382753 50.836325223918614 66.34115198154251 66.35759039177287 137.47276077859215 187.80526596591255 198.4528844146457 197.34118521407368 73.0659646231375
11.0 47.08350854310892 40.26603615101713 53.89339190394318 32.93007119065187 25.658613948746048 0.0 26.617105562469355 38.169974010998956 60.630376393208344 67.17714503069098 73.80659125333266 80.0364470371711 87.82180371845567 100.64396149229455 106.87682485163866 121.40993597775686 121.86754961846108 128.06030027362357 148.357682636206 158.96915430046602 163.43626099014207 35.89358007214345 44.466976067959244 44.34625143867604 60.202145542737114 60.394063042332206 69.1793635309748 45.16945981113834 53.638771500825314 54.2143093237739 62.17887942343022 66.7368936110166 71.20284324928063 175.74803765409507 180.72187932930268 184.23652873192066 192.6357718233304 193.31050594977165 51.28453901532308 58.42455009223242 66.37153331838545 73.54364483087295 81.04780822071022 68.54719859166389 137.47318997980375 144.98185415823068 144.8717815689178 145.82879051772153 153.4821745592526 160.7384399663859 154.4433793598393 154.6512676921178 37.21061457886324 39.93559632624182 145.78348199553858 161.32276541192965 161.8287594376782 184.31904877974623 192.13348848209006 154.9890899437174 153.8647372696186 48.161279402135165 43.58649347547173 48.289800668257755 44.962455632622294 54.34473083132005 207.99534309337741 88.99338827829756 60.74527450531757 60.97472249430036 76.47954925273459 76.49598766320373 163.1313747397012 213.4638799164326 224.11149836862396 222.99979916678132 83.20436189353967
13.0 53.700614105371784 46.883141713782074 60.510497466358 39.54717675272541 32.275719510768866 26.617105562469355 0.0 30.779043087690397 67.24748195519028 73.79425059349005 80.42369681536944 86.65355259957347 94.43890928137479 107.26106705612554 113.49393041253813 128.02704153142662 128.48465518160754 134.67740584567764 154.97478818180605 165.58625986037424 170.05336654895143 42.51068563403 51.08408162948122 50.963357000888294 66.81925110473523 67.011168604202 75.79646909329156 51.78656537306439 60.25587706342762 60.83141488609162 68.79598498566068 73.35399917278755 77.81994881110126 182.3651432182496 187.33898489374542 190.85363429151136 199.2528773832868 199.92761150948877 57.90164457682218 65.04165565442273 72.98863887965564 80.16075039291485 87.66491378296274 75.16430415390506 144.0902955434477 151.59895972073846 151.48888712948497 152.44589608547955 160.09928011985744 167.35554552885924 161.06048493209695 161.26837324068237 29.819683655611584 32.54466540343657 152.40058755739912 167.93987097152348 168.4458650006698 190.9361543409928 198.7505940378968 161.60619551095039 160.48184281322202 40.770348479453844 36.195562552339716 40.898869746920866 37.57152470958008 46.95379990939327 214.61244865584655 95.6104938402541 67.36238006776259 67.59182805685347 83.09665481523999 83.11309322518181 169.74848029040453 220.08098547988038 230.7286039269114 229.61690472203423 89.8214674558975
16.0 65.25348255401359 58.436010162575215 72.06336591405362 51.10004520139674 43.828587959861466 38.169974010998956 30.779043087690397 0.0 78.80035040451064 85.34711904186945 91.97656526402311 98.20642104759624 105.99177773028197 118.81393550373612 125.04679886127839 139.5799099803889 140.03752362955697 146.23027428521794 166.52765661807982 177.13912830848568 181.6062350019227 54.0635540829832 62.63695007910728 62.51622544874873 78.37211955383064 78.56403705210832 87.3493375416059 63.33943382066707 71.80874551100493 72.38428333341477 80.34885343470002 84.90686762164441 89.37281726004542 193.91801166745148 198.89185333928097 202.40650273815567 210.80574583608205 211.4804799607682 69.45451302512404 76.59452410336297 84.54150732909578 91.71361884124184 99.21778223186406 86.71717260216869 155.6431639907758 163.1518281679418 163.04175558081886 163.99876450537812 171.65214856744248 178.90841397878793 172.61335336339766 172.82124167583473 28.7299330742025 31.454914821240333 163.95345600613066 179.49273942510774 179.99873344982905 202.4890227883416 210.30346248648348 173.15906395290475 172.03471126691966 39.68059789792066 23.316557507864005 28.019864702433065 24.69251966514666 34.07479486494242 226.16531710425505 107.16336228928762 78.91524851645664 79.14469650492134 94.64952326277658 94.66596167292035 181.3013487433517 231.63385392064606 242.28147237099972 241.16977317486396 101.3743359041967
18.0 13.546867850307875 20.36434024208038 6.73698448930462 27.700305202669607 34.971762444536026 60.630376393208344 67.24748195519028 78.80035040451064 0.0 6.546768637223812 13.176214860188681 19.406070643803435 27.19142732520314 40.01358509788625 46.24644845826366 60.779559573837645 61.23717322604701 67.42992388830427 87.72730622519845 98.33877790238881 102.80588459424848 60.726945246223806 69.30034124157103 69.17961661246369 85.03551071667998 85.22742821595837 94.01272870497829 70.0028249855667 78.47213667414016 79.04767449763344 87.01224459717906 91.57025878421214 96.03620842330716 115.1176612649929 120.09150293346823 123.60615233512317 132.00539542877513 132.68012955825742 76.11790418946569 83.25791526557128 91.20489849215396 98.37701000513773 105.88117339438006 93.3805637657466 76.84281358669634 84.35147776523047 84.24140517396575 85.19841409212319 92.85179816328407 100.10806357768797 93.81300296801828 94.02089126344502 77.84099097142605 80.5659727190535 85.15310560214084 100.69238901879447 101.19838304469762 123.68867238578197 131.50311208328282 94.35871354800025 93.23436087628262 88.7916557960626 84.21686986842226 88.92017706321089 85.59283202620333 94.97510722600785 147.364966703411 113.82675345169909 85.57863967943986 85.80808766820036 101.31291442613532 101.32935283694012 102.50099834209013 152.83350352304126 163.48112196999955 162.3694227675705 108.0377270685976
20.0 20.093636487493526 26.911108879358103 13.283753126587502 34.24707383989439 41.51853108169268 67.17714503069098 73.79425059349005 85.34711904186945 6.546768637223812 0.0 6.629446223099691 12.859302006662535 20.64465868772021 33.4668164615716 39.69967982105895 54.232790940427876 54.69040458777731 60.88315524316826 81.18053759080902 91.79200926398654 96.25911595827603 67.2737138832388 75.84710987896686 75.72638524999151 91.58227935429673 91.77419685312489 100.55949734237959 76.5495936219346 85.01890531206818 85.5944431340605 93.55901323443578 98.1170274217797 102.58297706034692 108.57089262791263 113.54473429723885 117.05938369692959 125.45862679233562 126.13336091586105 82.6646728264341 89.80468390337109 97.75166712937269 104.92377864242718 112.4279420310294 99.92733240242715 70.2960449496296 77.80470912825179 77.69463653852024 78.65164547343045 86.30502952440082 93.56129493381104 87.26623434718374 87.47412264067842 84.38775960867244 87.11274135545793 78.60633696529301 94.14562038160618 94.651614407496 117.14190374946483 124.95634344583235 87.811944911501 86.68759223645057 95.33842443317651 90.76363850509983 95.4669457015205 92.13960066291068 101.52187586430514 140.81819806991498 120.3735220894257 92.12540831636203 92.35485630376867 107.85968306375763 107.87612147358905 95.9542296859669 146.2867348863358 156.93435333087487 155.8226541341919 114.58449570445705
21.0 26.723082710368473 33.5405551020435 19.91319934948783 40.876520062841095 48.1479773046855 73.80659125333266 80.42369681536944 91.97656526402311 13.176214860188681 6.629446223099691 0.0 6.22985578397301 14.01521246516708 26.837370238476446 33.07023359703077 47.6033447139331 48.06095836582824 54.25370902095307 74.55109135049162 85.16256304284266 89.62966973457782 73.90316010610864 82.47655610196205 82.35583147305938 98.21172557704791 98.40364307645852 107.18894356512361 83.17903984486199 91.64835153484145 92.22388935792273 100.18845945767693 104.74647364479233 109.21242328347597 101.94144640340922 106.91528807800432 110.42993747510502 118.82918056701826 119.50391469515208 89.29411904964385 96.43413012550474 104.38111335160058 111.55322486553631 119.05738825416944 106.55677862526626 63.66659872668684 71.17526290525913 71.06519031566597 72.02219923597889 79.67558330262452 86.93184871632012 80.63678810032823 80.84467640747897 91.01720583197238 93.74218758020032 71.9768907421082 87.51617415882902 88.0221681846784 110.51245752585953 118.3268972251841 81.18249868982224 80.05814600696459 101.96787065580794 97.39308472857898 102.09639192534644 98.76904688532434 108.15132208897148 134.18875184240238 127.00296831245655 98.75485453991084 98.9843025273318 114.48912928630808 114.50556769638351 89.32478348013822 139.65728866509545 150.30490711475665 149.1932079103901 121.21394192833533
23.0 32.9529384941889 39.77041088607591 26.143055133161404 47.10637584656753 54.377833088578285 80.0364470371711 86.65355259957347 98.20642104759624 19.406070643803435 12.859302006662535 6.22985578397301 0.0 7.785356681404373 20.607514454980507 26.840377813601904 41.37348893588459 41.83110258159739 48.02385323157992 68.32123556924553 78.93270725834631 83.39981394942944 80.13301589004216 88.70641188537024 88.58568725647292 104.44158136035266 104.63349886005675 113.41879934901539 89.40889562867292 97.87820731812958 98.45374514143334 106.41831524072107 110.97632942840882 115.4422790672105 95.71159061713519 100.68543229102701 104.20008169029406 112.59932478478046 113.2740589124887 95.52397483347022 102.66398591026352 110.61096913608226 117.78308064835676 125.28724403838385 112.78663440943384 57.43674294333442 64.94540712139718 64.83533453195845 65.79234345374627 73.44572751729694 80.70199292933393 74.40693229785394 74.61482063611862 97.247061615481 99.97204336335356 65.74703495836704 81.2863183752074 81.79231240101028 104.28260174120226 112.0970414395573 74.95264290872571 73.82829021974464 108.19772643846049 103.6229405124729 108.32624770866579 104.99890266906051 114.38117787142932 127.95889606110461 133.23282409581606 104.98471032307475 105.21415831202032 120.71898507003874 120.73542348014008 83.09492771750652 133.42743288008978 144.07505132893652 142.96335212807983 127.44379771121612
24.0 40.73829517576121 47.555767567213316 33.928411814706045 54.891732527974774 62.16318976992413 87.82180371845567 94.43890928137479 105.99177773028197 27.19142732520314 20.64465868772021 14.01521246516708 7.785356681404373 0.0 12.822157773614958 19.055021132249795 33.58813225083612 34.045745900518966 40.23849655440097 60.53587890108109 71.14735057082217 75.61445725268953 87.91837257145036 96.49176856726697 96.37104393805042 112.2269380416777 112.4188555417753 121.20415602964057 97.19425231007615 105.6635639997202 106.23910182287077 114.20367192250379 118.76168611043008 123.22763574800918 87.92623394315606 92.90007561131408 96.4147250105005 104.8139681042367 105.48870223088312 103.309331515266 110.44934259094612 118.39632581743851 125.56843732992905 133.07260071989953 120.57199109064832 49.6513862617806 57.160050440046845 57.04997785100559 58.006986775528866 65.66037084102345 72.91663624842127 66.62157563739362 66.8294639398346 105.03241829751347 107.75740004567822 57.96167827706889 73.50096169374604 74.0069557196041 96.49724506107435 104.31168475873886 67.16728622469884 66.04293354033716 115.98308312119377 111.40829719408399 116.11160438845255 112.7842593522692 122.16653455099184 120.17353937867924 141.01818077727964 112.77006700467123 112.99951499350553 128.50434175114117 128.52078016154096 75.30957100872435 125.64207619953172 136.28969464932908 135.1779954469624 135.22915439256732
26.0 53.56045294865821 60.3779253405939 46.7505695879776 67.71389030204689 74.98534754382996 100.64396149229455 107.26106705612554 118.81393550373612 40.01358509788625 33.4668164615716 26.837370238476446 20.607514454980507 12.822157773614958 0.0 6.232863358896431 20.765974478491188 21.223588126953313 27.416338782234988 47.713721122435814 58.32519280308033 62.792299496362304 100.74053034536529 109.3139263411611 109.19320171255096 125.0490958153238 125.24101331481961 134.02631380338573 110.01641008517433 118.4857217740205 119.0612595959099 127.02582969632749 131.5838438828917 136.04979352219422 75.1040761644089 80.07791783511797 83.592567238056 91.99181033020838 92.66654445862261 116.13148928775016 123.27150036478099 131.2184835905988 138.39059510382896 145.89475849296196 133.3941488639782 36.8292284879552 44.33789266731541 44.22782007687335 45.184828999966605 52.83821306183343 60.094478478277594 53.799417854848926 54.00730617686989 117.85457607046496 120.57955781894051 45.13952050350336 60.678803920250644 61.1847979472794 83.67508728730891 91.48952698526332 54.345128450371114 53.220775769654914 128.80524089587598 124.23045496733471 128.93376216170657 125.6064171246154 134.98869232379116 107.35138160529137 153.84033855105417 125.5922247778975 125.8216727671636 141.326499524803 141.3429379349757 62.48741324841124 112.81991842584576 123.46753687481342 122.35583767095062 148.05131216615314
27.0 59.79331630871836 66.61078870013961 52.983432947219825 73.94675366025265 81.21821090193748 106.87682485163866 113.49393041253813 125.04679886127839 46.24644845826366 39.69967982105895 33.07023359703077 26.840377813601904 19.055021132249795 6.232863358896431 0.0 14.533111119392313 14.990724768153612 21.18347542362424 41.48085776924483 52.092329444720484 56.55943613945841 106.97339370344065 115.54678969894529 115.42606506985132 131.28195917442616 131.47387667363438 140.2591771625958 116.249273442606 124.71858513171003 125.29412295480688 133.2586930544531 137.81670724146144 142.2826568803165 68.87121281453145 73.8450544767143 77.35970387652912 85.75894697120165 86.43368109873488 122.3643526466922 129.50436372338012 137.45134694991677 144.6234584624998 152.12762185233817 139.62701222290082 30.596365129372735 38.10502930686563 37.994956718417185 38.951965641724925 46.60534970532637 53.861615116239996 47.56655449840032 47.77444281761461 124.0874394294245 126.81242117693716 38.90665714461815 54.445940560748205 54.951934586552504 77.44222392807181 85.25666362516088 48.11226508803728 46.98791241236189 135.03810425350036 130.4633183258959 135.1666255201012 131.839280483572 141.22155568281028 101.11851824556817 160.07320190963924 131.82508813674423 132.0545361255909 147.55936288354442 147.57580129332115 56.25454988472048 106.5870550660962 117.23467351436831 116.12297431322745 154.2841755245493
29.0 74.32642742647378 81.14389982102024 67.51654407044995 88.47986477847945 95.75132202789061 121.40993597775686 128.02704153142662 139.5799099803889 60.779559573837645 54.232790940427876 47.6033447139331 41.37348893588459 33.58813225083612 20.765974478491188 14.533111119392313 0.0 13.530761512649317 6.650364303307567 26.94774664379173 37.55921833116054 42.02632501625051 121.50650482538586 130.0799008176398 129.95917618898235 145.81507029198883 146.0069877915034 154.79228828081793 130.78238456153815 139.25169625030114 139.82723407417234 147.79180417313324 152.34981836067763 156.81576799876012 54.338101694575535 59.311943356536084 62.82659273822893 71.22583585327727 71.90057000040986 136.89746376498303 144.0374748430895 151.98445806891743 159.15656958165897 166.66073297037468 154.16012334220548 29.1364018747806 36.645066052575594 36.53499346305737 24.41885452287448 32.07223858612948 39.328503997712176 33.03344338044189 33.241331692670784 138.62055054945665 141.34553229603617 37.446693888377666 52.98597730611212 53.491971335841235 62.90911280315768 70.72355250545885 33.579153974263946 32.454801287701684 149.57121537149908 144.99642944520753 149.69973663909846 146.37239160215967 155.75466680161182 86.58540714164927 174.6063130293094 146.35819925575083 146.5876472448828 162.09247400263118 162.10891241225863 41.72143876193559 92.05394394371206 102.70156238774177 101.58986320386055 168.81728664381862
30.0 74.78404107565339 81.60151346740099 67.97415771446077 88.9374784273814 96.20893566985032 121.86754961846108 128.48465518160754 140.03752362955697 61.23717322604701 54.69040458777731 48.06095836582824 41.83110258159739 34.045745900518966 21.223588126953313 14.990724768153612 13.530761512649317 0.0 20.181125815791784 40.47850816175766 51.08997983451287 55.55708653299799 121.9641184714286 130.53751446710513 130.4167898376948 146.2726839418372 146.46460144148958 155.24990193032272 131.23999821010415 139.70930989955943 140.2848477225454 148.2494178222384 152.80743200943346 157.27338164808302 67.86886319116644 72.84270487084069 76.35735427269283 84.75659736636615 85.43133149325669 137.35507741407866 144.4950884914596 152.44207171761332 159.61418323083944 167.1183466193414 154.61773699043383 15.605640361229618 23.11430453969538 23.004231950321746 37.949616038233245 45.60300009799268 52.859265512399716 46.564204891890554 46.77209320663715 139.07816419732816 141.80314594465665 23.91593237671768 39.45521579392571 39.961209819759844 76.43987431000828 84.25431401000749 47.10991547958375 45.98556279957546 150.0288290213718 145.45404309370542 150.15735028839663 146.8300052514743 156.21228045070924 100.11616864010355 175.06392667713996 146.81581290442864 147.0452608932956 162.55008765155887 162.56652606176618 55.252200275331646 105.58470545888025 116.23232390886692 115.12062470653913 169.27490029266386
31.0 80.9767917329716 87.79426412188039 74.16690836428421 95.1302290918723 102.40168632231902 128.06030027362357 134.67740584567764 146.23027428521794 67.42992388830427 60.88315524316826 54.25370902095307 48.02385323157992 40.23849655440097 27.416338782234988 21.18347542362424 6.650364303307567 20.181125815791784 0.0 20.297382343322454 30.90885402692466 35.3759607189488 128.15686913082956 136.73026512045112 136.60954049146372 152.46543459729827 152.65735209702962 161.44265258426907 137.4327488655283 145.90206055343722 146.47759837853692 154.4421684749909 159.00018266708088 163.4661323027602 47.687737388090845 52.66157906137282 56.176228461799866 64.57547154734236 65.25020564879688 143.54782806876344 150.68783914973375 158.63482237109406 165.8069338865845 173.31109727478892 160.8104876432347 35.786766178160306 43.29543035502059 43.18535776158216 17.768490219008896 25.421874282566538 32.678139693489754 26.38307907564522 26.590967390670446 145.27091485331272 147.99589659918917 44.097058190877256 59.63634160838241 60.14233562855551 56.258748502871065 64.07318819710999 26.928789669081446 25.80443698544212 156.22157967687912 151.6467937484089 156.3501009419171 153.02275590517888 162.40503110619767 79.93504283161606 181.25667733075895 153.00856355669404 153.2380115476123 168.74283830583852 168.75927671538557 35.0710744585956 85.40357964476536 96.05119811759153 94.93949891191524 175.46765094626903
36.0 101.27417408773132 108.09164645930024 94.4642907279021 115.4276114184712 122.69906868127853 148.357682636206 154.97478818180605 166.52765661807982 87.72730622519845 81.18053759080902 74.55109135049162 68.32123556924553 60.53587890108109 47.713721122435814 41.48085776924483 26.94774664379173 40.47850816175766 20.297382343322454 0.0 10.611471679290602 15.078578371388463 148.45425147289876 157.02764746087814 156.90692283662324 172.76281693823307 172.95473443886942 181.74003492825642 157.73013121321875 166.19944290046766 166.77498072119158 174.73955082447557 179.29756500607985 183.76351464808278 27.390355040885307 32.364196715113614 35.87884611282753 44.278089195639225 44.95282333975405 163.84521041214373 170.98522148688295 178.93220471490767 186.1043162328586 193.6084796125905 181.10786998553965 56.08414852520809 63.59281269850435 63.48274010876089 24.981664400139856 32.63504846287067 39.89131387352319 33.596253255194306 33.80414157072663 165.56829719315013 168.29327894608065 64.39444053918612 79.93372394963544 80.43971797594759 35.961366162202125 43.77580586007175 20.327060993398796 19.202708309134284 176.51896201655788 171.9441760894054 176.64748328760734 173.32013824947677 182.7024134497423 59.63766050089909 201.5540596714238 173.305945899121 173.53539389408937 189.0402206488202 189.05665905631588 42.284248640353596 65.10619730523663 75.75381574642611 74.64211653308357 195.76503329013923
39.0 111.88564575503472 118.70311814296852 105.07576239329683 126.0390831039952 133.31054034826934 158.96915430046602 165.58625986037424 177.13912830848568 98.33877790238881 91.79200926398654 85.16256304284266 78.93270725834631 71.14735057082217 58.32519280308033 52.092329444720484 37.55921833116054 51.08997983451287 30.90885402692466 10.611471679290602 0.0 13.208644161135734 159.06572315003086 167.6391191520365 167.51839451632895 183.3742886259519 183.56620611613795 192.35150661171082 168.3416028856131 176.8109145764689 177.38645240252777 185.35102250643138 189.90903668517547 194.37498633033198 25.52042082938 30.49426250114937 34.00891190361415 42.408154992695856 43.08288912655916 174.4566820951424 181.59669317219203 189.54367639807856 196.7157879142686 204.21995128770084 191.71934166898285 66.6956202019992 74.20428437763815 74.09421179091557 35.59313607635636 43.24652013957167 50.50278555339324 44.20772493809491 44.415613251836575 176.17976887830935 178.90475062319402 75.00591221649229 90.54519563173149 91.05118965963554 34.09143195252819 41.905871650141876 30.93853267200072 29.81417999261984 187.13043370063198 182.5556477720104 187.25895496874313 183.93160992699774 193.31388512818302 57.767726266650406 212.16553135682466 183.91741758468638 184.1468655665995 199.65169233518787 199.66813074026533 52.8957203164135 63.23626309337668 73.88388151650436 72.77218230548883 206.3765049702328
40.0 116.35275244356217 123.17022483626117 109.54286908646719 130.50618979712192 137.77764703944075 163.43626099014207 170.05336654895143 181.6062350019227 102.80588459424848 96.25911595827603 89.62966973457782 83.39981394942944 75.61445725268953 62.792299496362304 56.55943613945841 42.02632501625051 55.55708653299799 35.3759607189488 15.078578371388463 13.208644161135734 0.0 163.53282983697505 172.10622583504008 171.98550120804737 187.84139531772996 188.0333128081487 196.81861329227476 172.80870957594124 181.27802127006674 181.85355909272005 189.81812918598055 194.37614337921644 198.84209302039054 12.311776668875739 17.28561834080587 20.80026774131483 29.199510833024014 29.87424496266125 178.92378878870278 186.0637998631217 194.01078308410433 201.18289460219515 208.68705799225108 196.18644835783624 71.16272687686 78.67139107005542 78.5613184868971 40.06024276846736 47.71362683239188 54.9698922421607 48.67483162187666 48.88271994345543 180.64687556069637 183.3718573173372 79.47301890726027 95.01230232499354 95.51829634980398 20.882787789874698 28.697227488736402 35.40563936564068 34.281286682681994 191.59754039026637 187.022754459974 191.72606165594675 188.39871662109175 197.78099181951285 44.55908210684237 216.63263804615866 188.38452427378468 188.61397226343934 204.118799024809 204.13523743056714 57.36282701026009 50.0276189267052 60.67523737742842 59.56353818642414 210.8436116639005
42.0 47.18007739593105 40.36260500418024 53.98996075689229 33.02664004338132 25.75518280135018 35.89358007214345 42.51068563403 54.0635540829832 60.726945246223806 67.2737138832388 73.90316010610864 80.13301589004216 87.91837257145036 100.74053034536529 106.97339370344065 121.50650482538586 121.9641184714286 128.15686913082956 148.45425147289876 159.06572315003086 163.53282983697505 0.0 25.90929649854199 25.788571869531776 41.644465973711675 41.8363834730288 50.62168396183473 9.27587973813916 17.745191428599316 18.320729251364902 26.285299351257596 30.84331353836531 35.30926317735357 175.84460650723807 180.81844818366375 184.3330975811939 192.73234067531732 193.4070747966799 32.72685944577093 39.86687052335152 47.81385374931594 54.98596526203585 62.49012865114059 49.98951902263511 137.56975883264698 145.07842301087447 144.96835042139236 145.9253593454237 153.5787434093156 160.8350088202206 154.53994820348123 154.74783652249297 53.1041946512554 55.82917639869919 145.88005084822368 161.41933426449657 161.92532829061065 184.41561762803317 192.23005733183666 155.0856587983476 153.96130610959545 64.05485947427113 59.48007354729356 64.18338074163508 60.85603570323686 70.23831090375965 208.09191194795594 70.4357087090464 24.851694433554766 25.081142421910304 40.58596918002549 40.602407590349806 163.22794359000937 213.56044877392677 224.20806721963066 223.09636802645048 47.31078182160485
43.0 55.75347339126375 48.93600099980355 62.56335675217919 41.60003603916189 34.32857879737188 44.466976067959244 51.08408162948122 62.63695007910728 69.30034124157103 75.84710987896686 82.47655610196205 88.70641188537024 96.49176856726697 109.3139263411611 115.54678969894529 130.0799008176398 130.53751446710513 136.73026512045112 157.02764746087814 167.6391191520365 172.10622583504008 25.90929649854199 0.0 15.932246921260257 15.735169475218681 15.927086974770397 24.712387463018597 35.185176237800064 43.654487927345016 44.23002575035443 52.19459584997982 56.75261003687727 61.2185596760019 184.41800250639216 189.39184417561512 192.90649358155616 201.30573666706866 201.98047079477317 22.870534497788896 30.010545574608493 37.95752880112222 45.12964031391793 52.633803703196236 24.08022252362776 146.1431548282148 153.6518190066919 153.54174641692077 154.49875534067303 162.1521394084144 169.40840481713377 163.11334420028624 163.3212325149652 61.677590646726046 64.40257239444908 154.45344684370042 169.99273026041476 170.49872428651494 192.98901362618915 200.80345333191562 163.65905479427568 162.53470210632335 72.62825546959388 68.0534695424619 72.75677673745217 69.42943170040074 78.81170689783913 216.66530794283358 60.57938376090125 50.76099093216472 50.99043892105671 66.49526567929189 66.51170408856578 171.80133957804168 222.13384476567398 232.7814632171702 231.6697640080754 73.22007831941909
44.0 55.63274876291092 48.81527637075666 62.44263212310098 41.479311409778504 34.207854167777455 44.34625143867604 50.963357000888294 62.51622544874873 69.17961661246369 75.72638524999151 82.35583147305938 88.58568725647292 96.37104393805042 109.19320171255096 115.42606506985132 129.95917618898235 130.4167898376948 136.60954049146372 156.90692283662324 167.51839451632895 171.98550120804737 25.788571869531776 15.932246921260257 0.0 31.667416397289237 31.859333895830275 40.64463438459987 35.064451608513245 43.53376329765088 44.10930112083487 52.07387122062707 56.63188540769018 61.09783504655525 184.2972778826964 189.2711195484816 192.78576895193584 201.18501203835706 201.85974616610946 6.938287576433637 14.078298653460061 22.02528187955751 29.197393392632968 36.70155678213695 40.01246944496423 146.02243019919604 153.53109437762794 153.42102178793783 154.37803071622756 162.03141477696283 169.2876801860066 162.99261956525862 163.20050788723847 61.556866016588515 64.28184776422715 154.3327222143785 169.87200563090596 170.377999657052 192.86828899577444 200.68272870068176 163.53833016095442 162.4139774763225 72.50753084000046 67.93274491389958 72.63605210879453 69.30870707450264 78.69098227124101 216.54458332405497 44.64713683966304 50.64026630264403 50.86971429261445 66.37454105010079 66.39097946010077 171.68061495629655 222.01312013742518 232.66073858704462 231.5490393863779 73.0993536903191
46.0 71.48864286694477 64.67117047454153 78.29852622664508 57.33520551403615 50.06374827183372 60.202145542737114 66.81925110473523 78.37211955383064 85.03551071667998 91.58227935429673 98.21172557704791 104.44158136035266 112.2269380416777 125.0490958153238 131.28195917442616 145.81507029198883 146.2726839418372 152.46543459729827 172.76281693823307 183.3742886259519 187.84139531772996 41.644465973711675 15.735169475218681 31.667416397289237 0.0 15.687108149878345 8.977217988134985 50.920345712495674 59.38965740203503 59.965195225116354 67.92976532517855 72.4877795120664 76.95372915094593 200.15317197741405 205.12701365082285 208.6416630506782 217.04090614238967 217.71564027130455 38.605703973778276 45.74571505027296 53.69269827608001 60.86480978904182 68.36897317828195 23.840243699015332 161.87832430344605 169.3869884818659 169.27691589203164 170.23392481725645 177.88730888007362 185.14357428954617 178.84851367405423 179.05640198223347 77.41276012145505 80.13774186946182 170.18861631872318 185.72789973516063 186.23389376103893 208.72418310927404 216.53862279983892 179.39422426346502 178.26987158229537 88.36342494501467 83.78863901789515 88.49194621375835 85.16460117611777 94.54687637835322 232.40047742017748 76.3145532360617 66.49616040717387 66.72560839610928 82.23043515388002 82.24687356405686 187.53650905449473 237.86901424818694 248.51663268554267 247.40493349610844 88.95524779552136
47.0 71.68056036561845 64.86308797428221 78.49044372713828 57.52712301304544 50.25566577174214 60.394063042332206 67.011168604202 78.56403705210832 85.22742821595837 91.77419685312489 98.40364307645852 104.63349886005675 112.4188555417753 125.24101331481961 131.47387667363438 146.0069877915034 146.46460144148958 152.65735209702962 172.95473443886942 183.56620611613795 188.0333128081487 41.8363834730288 15.927086974770397 31.859333895830275 15.687108149878345 0.0 24.66432613800219 51.112263211922 59.58157490113267 60.157112724590476 68.12168282452649 72.67969701146869 77.14564664993566 200.34508948321084 205.31893115189172 208.83358055124233 217.23282364140277 217.90755777750886 38.79762147194704 45.93763254978926 53.8846157753159 61.05672728836791 68.56089067759882 8.153135549162615 162.07024180244397 169.57890598101523 169.4688333912834 170.42584231788013 178.07922637490776 185.33549179253174 179.04043117614003 179.24831948608244 77.60467762128462 80.32965936787436 170.38053381801905 185.91981723464028 186.4258112608194 208.91610060248445 216.73054030036525 179.5861417639789 178.4617890813627 88.55534244334743 83.98055651749755 88.68386371274768 85.35651867338325 94.7387938725378 232.59239491387154 76.50647073560836 66.68807790658335 66.91752589490682 82.42235265324693 82.43879106348909 187.7284265615495 238.06093174208286 248.70855019204197 247.59685098210048 89.14716529491523
48.0 80.4658608546039 73.64838846302109 87.27574421535229 66.31242350232353 59.04096625999648 69.1793635309748 75.79646909329156 87.3493375416059 94.01272870497829 100.55949734237959 107.18894356512361 113.41879934901539 121.20415602964057 134.02631380338573 140.2591771625958 154.79228828081793 155.24990193032272 161.44265258426907 181.74003492825642 192.35150661171082 196.81861329227476 50.62168396183473 24.712387463018597 40.64463438459987 8.977217988134985 24.66432613800219 0.0 59.89756370089092 68.36687539047153 68.94241321354332 76.90698331309534 81.46499749986495 85.93094713904455 209.13038996766875 214.10423163787118 217.61888103828034 226.01812413322205 226.69285825564987 47.582921959715065 54.722933037854574 62.669916264828615 69.84202777801654 77.34619116635515 32.81746168717838 170.8555422915091 178.36420646958894 178.25413388017688 179.21114280743888 186.8645268692365 194.12079227825654 187.82573166497025 188.0336199822602 86.38997810983687 89.11495985718093 179.1658343069979 194.70511772392712 195.21111174924667 217.70140108781925 225.51584079550048 188.37144225396693 187.24708956966953 97.34064293406671 92.76585700734378 97.46916420350973 94.14181916423243 103.52409436598298 241.37769541492736 85.2917712244737 75.47337839542163 75.70282638417703 91.20765314197683 91.22409155263183 196.5137270480335 246.84623222351047 257.49385067535405 256.3821514751726 97.93246578318724
49.0 56.4559571352583 49.63848474324835 63.26584049551405 42.30251978214451 35.03106253998075 45.16945981113834 51.78656537306439 63.33943382066707 70.0028249855667 76.5495936219346 83.17903984486199 89.40889562867292 97.19425231007615 110.01641008517433 116.249273442606 130.78238456153815 131.23999821010415 137.4327488655283 157.73013121321875 168.3416028856131 172.80870957594124 9.27587973813916 35.185176237800064 35.064451608513245 50.920345712495674 51.112263211922 59.89756370089092 0.0 8.46931168965307 9.04484951244944 17.009419612385198 21.567433799273868 26.033383438300458 185.12048624804822 190.09432791756035 193.60897731666478 202.00822041382878 202.6829545444637 42.00273918487768 49.1427502621663 57.08973348813814 64.26184500122078 71.76600839101269 59.26539876139972 146.84563857153594 154.35430274979277 154.24423016015635 155.201239083415 162.85462315046516 170.11088855677218 163.81582794366932 164.02371625952307 62.380074389216105 65.1050561354974 155.15593058683405 170.69521400346417 171.20120802926175 193.6914973696222 201.50593706869358 164.3615385332762 163.23718584983345 73.33073921527713 68.7559532861722 73.45926048089684 70.13191544360771 79.51419064340816 217.3677916899108 79.71158844752628 15.575814694353907 15.80526268319014 31.310089441265912 31.326527851433013 172.503823331388 222.83632850757934 233.48394695220532 232.37224775928928 38.03490208253199
