0.0 2.0 3.0 4.0 5.0 6.0 11.0 13.0 16.0 18.0 20.0 21.0 23.0 24.0 26.0 27.0 29.0 30.0 31.0 36.0 39.0 40.0 42.0 43.0 44.0 46.0 47.0 48.0 49.0 50.0 51.0 52.0 53.0 54.0 57.0 59.0 61.0 62.0 63.0 65.0 66.0 67.0 68.0 69.0 70.0 73.0 74.0 75.0 76.0 78.0 79.0 80.0 81.0 82.0 83.0 84.0 86.0 87.0 88.0 89.0 90.0 91.0 92.0 94.0 95.0 96.0 97.0 98.0 100.0 101.0 102.0 104.0 105.0 107.0 109.0 110.0 111.0 112.0
2.0 0.0 6.677014432588596 6.845958325491476 13.737956736482667 20.938932517938106 40.7530470140097 48.27114850362252 63.72461618616225 13.856366718288598 21.220866415086533 28.784783068250178 37.044834176121164 42.42353007847298 58.77975215387862 66.81723164000394 81.132583457231 81.60887793108792 89.97466258748017 114.35047990464984 130.80824840132135 127.62458391346473 40.9586398947512 48.79831502433332 46.79025629603542 60.068747355929375 59.479599005866845 66.27784138711387 46.52229587724922 52.488044558437906 51.99487996441179 57.720713292834716 66.21113946900702 74.97031017682004 141.86859235108568 150.2965248408582 161.85535026346037 167.49104716294136 167.9512700370297 54.349272743646026 61.02358997728304 66.78319977343287 73.38138281081203 79.20313708620833 65.5908155847102 92.13583545152308 97.2101055985946 97.72381494937875 116.48800880194833 121.75492847648958 126.70191542267403 118.04853374992405 118.900535863063 66.96902187158105 63.09275047548374 97.00729424576085 104.38743091494095 102.33972769427058 142.8685923529618 143.97579344110437 119.17599531388771 122.05046155712054 67.94480560252835 71.8332365179006 80.21014049255672 81.529889819066 85.6361779107882 178.2438689481862 82.16015827222631 59.383587087704456 59.42100252344943 71.34598155474202 70.91119551131408 123.59847280883042 188.01749649420077 188.1312428024341 191.00169469953715 78.21507485372244
3.0 6.677014432588596 0.0 13.522972758235863 7.060942304290578 14.261918085378525 34.07603258138054 41.59413407071981 57.04760174762212 20.533381150433772 27.8978808477907 35.46179750090545 43.7218486085911 49.100544510928756 65.45676658605637 73.49424607243469 87.80959789066515 88.28589236309443 96.65167701987177 121.02749433708269 137.48526283323213 134.3015983473549 34.281625462534734 42.12130059144944 40.11324186332232 53.39173292344871 52.80258457356 59.60082695464952 39.84528144488514 45.81103012578543 45.317865531878724 51.043698860299585 59.53412503646476 68.29329574445123 148.54560678431875 156.97353927158056 168.53236469704223 174.16806158723028 174.62828447527625 47.67225831127265 54.346575544980446 60.10618534118724 66.70436837874621 72.5261226538078 58.91380115221095 98.81284988427674 103.88712003170781 104.40082938120855 123.16502323633134 128.43194290809373 133.3789298549758 124.7255481738338 125.57755029380971 60.29200744043215 56.41573604123962 103.68430867792902 111.06444534783975 109.01674212699547 149.5456067839557 150.6528078756784 125.85300974465679 128.72747598945983 61.267791168327534 65.15622208452457 73.53312606443298 74.8528753893536 78.95916347956737 184.92088338404454 75.4831438394873 52.70657265508704 52.74398809111939 64.66896712226969 64.23418107869182 130.27548724332917 194.69451092215357 194.8082572237396 197.67870911683943 71.53806042097656
4.0 6.845958325491476 13.522972758235863 0.0 20.583915061878088 27.7848908431114 47.59900533874478 55.1171068287017 70.57057450783972 7.010408393131315 14.374908089785176 21.93882474297552 30.198875850855195 35.57757175327848 51.93379382867056 59.971273314707695 74.28662513257933 74.76291960546172 83.12870426237558 107.50452158324867 123.96229007461042 120.77862558997941 47.804598220196766 55.64427334927477 53.636214621322964 66.91470568124318 66.3255573317502 73.12379971282404 53.36825420271228 59.33400288394043 58.84083828946553 64.56667161754407 73.05709779368338 81.81626850221033 135.02263402577262 143.4505665171343 155.00939194230241 160.64508883971678 161.10531171074848 61.19523106856398 67.86954830313009 73.62915809846066 80.22734113588439 86.04909541154692 72.43677391018893 85.28987712672506 90.36414727355216 90.87785662423576 109.6420504753676 114.90897014838279 119.8559570974913 111.20257542381106 112.05457753248955 73.81498019596953 69.93870880091958 90.16133592047254 97.54147259037984 95.493769369061 136.02263402588486 137.1298351166635 112.33003699151459 115.20450323028994 74.79076392665252 78.67919484480606 87.05609881971621 88.37584814457114 92.48213624108658 171.3979106255633 89.00611659725578 66.22954541269107 66.26696084870625 78.19193988022587 77.75715383656053 116.75251448857396 181.17153816394733 181.28528447351584 184.15573637108224 85.06103317905746
5.0 13.737956736482667 7.060942304290578 20.583915061878088 0.0 7.200975781274012 27.015090276990513 34.53319176713433 49.98665944649905 27.59432345442141 34.95882315167567 42.52273980509019 50.7827909126063 56.16148681528311 72.51770889037797 80.55518837694687 94.87054019459268 95.34683466778122 103.71261932384898 128.08843664323933 144.54620513763814 141.3625406503706 27.22068315800251 35.0603582875791 33.05229955925189 46.33079061891646 45.74164226939858 52.539884650357195 32.78433914084557 38.75008782190032 38.2569232279661 43.982756556091395 52.47318273199563 61.232353440393375 155.60654908808613 164.03448157811303 175.5933070030004 181.2290038957309 181.6892267747258 40.61131600708235 47.28563324074699 53.04524303681993 59.64342607439882 65.46518034948778 51.85285884784902 105.87379218875628 110.94806233539194 111.46177168548093 130.22596553992778 135.49288520612305 140.43987215846087 131.7864904859033 132.63849259747377 53.231065134499175 49.3547937406162 110.74525098180573 118.12538765213529 116.07768443089203 156.60654908855327 157.7137501779668 132.91395204796115 135.78841829461166 54.206848864003874 58.09527978151622 66.47218375805717 67.79193308035002 71.89822117385 191.98182567664813 68.422201535249 45.64563035056277 45.68304578696889 57.60802481811803 57.1732387745794 137.33642955002415 201.75545323954952 201.86919952533168 204.73965142883128 64.4771181164633
6.0 20.938932517938106 14.261918085378525 27.7848908431114 7.200975781274012 0.0 19.81411449577422 27.332215985371313 42.785683664190564 34.795299236521565 42.15979893309073 49.72371558661612 57.98376669402939 63.36246259635681 79.71868467145228 87.75616415788545 102.07151597640363 102.54781044842846 110.9135951041685 135.2894124251007 151.74718091915315 148.56351643256025 20.019707376724803 27.859382506323133 25.85132377781305 39.12981483766704 38.54066648769357 45.33890886977148 25.583363359709086 31.549112040290943 31.055947446702508 36.781780774775086 45.27220695075977 54.0313776590247 162.80752486984258 171.23545735636128 182.79428278370477 188.4299796631649 188.8902025557442 33.410340225751874 40.084657459914645 45.84426725542166 52.442450293179306 58.26420456922612 44.65188306681671 113.07476796881015 118.14903811661861 118.66274746630887 137.42694132376457 142.69386098831546 147.6408479357611 138.98746627174225 139.83946837898054 46.030089352363454 42.15381795584205 117.94622676405243 125.3263634329653 123.27866021209397 163.80752486742801 164.91472596213373 140.11492783309063 142.98939407565783 47.00587308474438 50.89430400201783 59.271207978871836 60.59095730154796 64.69724539231146 199.18280146541906 61.22122575410948 38.44465456934634 38.48207000566256 50.40704903717457 49.97226299349026 144.53740533219218 208.95642900255487 209.07017531611737 211.9406272030525 57.27614233592043
11.0 40.7530470140097 34.07603258138054 47.59900533874478 27.015090276990513 19.81411449577422 0.0 15.82380112758797 31.27726880667216 54.60941373209141 61.97391342891103 69.53783008229618 77.79788118993946 83.17657709194228 99.53279916738845 107.57027865304234 121.8856304721149 122.3619249436162 130.72770960140127 155.1035269234535 171.56129541355642 168.37763093024165 24.60700909491616 32.44668422426716 30.43862549604505 43.71711655582099 43.12796820663944 49.92621058742016 30.170665077259635 36.13641375820234 35.64324916379928 41.36908249288459 49.85950866957134 58.618679377487716 182.62163936428988 191.04957185573736 202.60839727736533 208.24409417646865 208.70431705138765 37.99764194376927 44.67195917749303 50.43156897376828 57.02975201053681 62.85150628680413 49.23918478494578 132.88888246563175 137.96315261208895 138.47686196232058 157.24105580727053 162.5079754866652 167.454962436501 158.80158075475742 159.65358287854374 34.52167449479021 30.645403096586662 137.76034125898178 145.1404779288792 143.0927747074777 183.62163936347685 184.72884045138625 159.9290423291828 162.80350856829696 35.49745822659055 39.38588914258916 47.76279311851171 49.08254244324443 53.18883053755817 218.99691593082463 65.80852747195846 43.031956288063945 43.06937172345199 54.99435075554776 54.55956471202654 164.35151982854518 228.77054349664166 228.88428982096653 231.75474171560018 61.86344405402638
13.0 48.27114850362252 41.59413407071981 55.1171068287017 34.53319176713433 27.332215985371313 15.82380112758797 0.0 21.156578767426346 62.127515220813066 69.49201491763262 77.05593157113131 85.31598267848858 90.69467858079477 107.0509006558166 115.08838014234726 129.4037319609495 129.88002643284068 138.24581109056678 162.62162840928448 179.0793969029681 175.8957324166442 32.125110584176184 39.96478571398107 37.95672698580306 51.23521804412832 50.64606969630306 57.44431207574965 37.68876656454569 43.65451524634649 43.16135065270879 48.88718398137743 57.37761015720035 66.13678086491896 190.13974085421677 198.56767334299067 210.12649876820814 215.7621956660742 216.22241853698182 45.5157434328987 52.19006066639159 57.949670461319215 64.54785350012925 70.36960777420126 56.757286273900846 140.4069839539958 145.48125410072913 145.99496345183766 164.75915730674853 170.02607697709396 174.97306392673016 166.31968225419757 167.1716843688107 24.40098445582551 20.524713060239065 145.27844274785164 152.65857941911977 150.61087619750077 191.13974085430044 192.2469419446228 167.44714381784922 170.32161006101967 25.37676818638927 29.265199103082768 37.642103079913404 38.961852404047846 43.068140497177176 226.51501744438752 73.32662896052942 50.55005777583962 50.58747321130344 62.51245224281985 62.07766619985969 171.86962131556194 236.28864498629514 236.4023912915515 239.27284318849397 69.38154554055966
16.0 63.72461618616225 57.04760174762212 70.57057450783972 49.98665944649905 42.785683664190564 31.27726880667216 21.156578767426346 0.0 77.58098290023717 84.94548259755278 92.50939924988053 100.76945035739425 106.14814625989021 122.50436833497051 130.54184782097357 144.85719963921446 145.33349411150954 153.69927876953815 178.0750960887359 194.5328645826791 191.349200095338 47.57857826280503 55.41825339331781 53.41019466368351 66.68868572529897 66.09953737354138 72.89777975636031 53.142234244492585 59.10798292542907 58.614818330629866 64.34065165790264 72.83107783302559 81.59024854435177 205.5932085328737 214.02114102139834 225.57996644539472 231.2156633438133 231.6758862175489 60.96921110983579 67.64352834501426 73.40313814197901 80.0013211789387 85.82307545266443 72.21075395485542 155.86045163304152 160.9347217793877 161.4484311300912 180.21262498345826 185.4795446575415 190.42653160426585 181.7731499336021 182.62515204501875 22.657897185717452 18.78162578994556 160.73191042653815 168.11204709796377 166.06434387616832 206.59320853230895 207.70040962345 182.90061149527594 185.7750777394992 23.633680916134182 14.045670741303766 22.422574715680792 23.742324041744734 27.84861213449744 241.9684851211544 88.7800966398038 66.00352545148372 66.04094089232632 77.96591992278803 77.53113387791703 187.32308899714755 251.7421126794094 251.8558589745622 254.7263108731598 84.83501322119719
18.0 13.856366718288598 20.533381150433772 7.010408393131315 27.59432345442141 34.795299236521565 54.60941373209141 62.127515220813066 77.58098290023717 0.0 7.364499696951381 14.928416350325787 23.18846745785526 28.567163360350218 44.92338543580274 52.96086492232945 67.27621674032918 67.7525112130013 76.11829587085768 100.49411318840913 116.9518816822582 113.7682171974665 54.81500661303431 62.654681742733956 60.64662301449941 73.92511407393194 73.33596572403283 80.1342081054242 60.378662595450706 66.34441127652985 65.85124668203383 71.57708001017124 80.06750618601458 88.82667689508821 128.01222563281482 136.44015812159356 147.9989835472723 153.6346804491119 154.09490331469235 68.20563946176091 74.8799566956145 80.63956649126256 87.23774952912211 93.05950380538947 79.44718230282172 78.27946873380249 83.35373888106685 83.86744823046922 102.63164208303371 107.8985617577587 112.84554870451345 104.19216702745808 105.04416914892661 80.82538858899349 76.94911719268258 83.15092752751617 90.53106419480312 88.48336097558312 129.01222563351203 130.11942672474697 105.31962859729548 108.19409484062501 81.80117231977847 85.6896032346669 94.0665072157237 95.38625653991704 99.49254463215553 164.38750221429086 96.01652498961451 73.23995380567823 73.2773692420225 85.20234827270968 84.7675622297531 109.74210610104234 174.16112978595874 174.27487608228788 177.14532798052235 92.07144157144003
20.0 21.220866415086533 27.8978808477907 14.374908089785176 34.95882315167567 42.15979893309073 61.97391342891103 69.49201491763262 84.94548259755278 7.364499696951381 0.0 7.563916653353394 15.823967760989687 21.202663663457567 37.558885738819825 45.59636522543242 59.91171704313187 60.38801151621808 68.75379617373122 93.12961349213828 109.58738198662986 106.40371750041179 62.179506309723024 70.019181439071 68.01112271127477 81.28961377045718 80.70046542097462 87.49870780206064 67.74316229263167 73.70891097371727 73.21574637975883 78.94157970777584 87.4320058838797 96.19117659241651 120.6477259378751 129.07565842600928 140.63448385102816 146.27018075273227 146.7304036209758 75.57013915886677 82.244456392316 88.0040661883602 94.60224922566144 100.42400350108983 86.81168199999235 70.91496903693339 75.98923918418205 76.50294853191974 95.26714238752945 100.53406205999869 105.48104900708915 96.82766733348342 97.67966944750977 88.18988828595943 84.31361689138255 75.78642783108965 83.16656449825481 81.11886127858574 121.64772593688582 122.7549270285713 97.95512890067604 100.82959514225661 89.16567201606796 93.05410293592934 101.43100690867402 102.75075623549009 106.85704433147376 157.02300252692893 103.38102468669707 80.60445350263052 80.64186893882486 92.56684796993531 92.1320619267241 102.37760640012135 166.7966300923145 166.91037638574477 169.7808282726379 99.43594126858974
21.0 28.784783068250178 35.46179750090545 21.93882474297552 42.52273980509019 49.72371558661612 69.53783008229618 77.05593157113131 92.50939924988053 14.928416350325787 7.563916653353394 0.0 8.260051107389124 13.638747009941241 29.99496908526302 38.032448571831104 52.347800389629334 52.82409486260555 61.1898795192267 85.56569683887365 102.0234653325974 98.83980084822016 69.74342296310084 77.5830980922297 75.5750393643749 88.85353042406334 88.26438207457986 95.06262445583657 75.3070789459543 81.27282762688495 80.77966303293249 86.50549636124076 94.99592253728416 103.75509324565621 113.08380928367691 121.51174177146383 133.07056719663262 138.70626409717775 139.16648696995105 83.1340558119357 89.8083730453936 95.56798284175929 102.1661658794474 107.98792015445062 94.3755986532653 63.35105238363808 68.42532253051547 68.93903187815704 87.70322573369377 92.9701454052001 97.91713235367271 89.2637506739178 90.11575279256917 95.7538049389852 91.87753354435492 68.22251117742864 75.60264784733131 73.5549446258149 114.08380928450428 115.19101037463577 90.39121224467995 93.26567848906606 96.72958867065886 100.61801958687879 108.99492356471406 110.31467289469484 114.42096098337313 149.45908588164997 110.94494134004377 88.16837015606595 88.20578559194088 100.1307646231988 99.69597858010897 94.81368973693657 159.2327134297512 159.34645972961073 162.21691163419072 106.99985792170945
23.0 37.044834176121164 43.7218486085911 30.198875850855195 50.7827909126063 57.98376669402939 77.79788118993946 85.31598267848858 100.76945035739425 23.18846745785526 15.823967760989687 8.260051107389124 0.0 5.378695902459633 21.734917977923534 29.772397464116228 44.08774928247108 44.564043755025565 52.92982841272639 77.30564573026102 93.76341422479142 90.5797497383207 78.00347407053087 85.84314920000782 83.83509047174496 97.11358153112232 96.52443318211046 103.32267556307761 83.56713005347865 89.53287873429088 89.03971414052523 94.76554746844856 103.25597364470198 112.01514435268663 104.82375817649393 113.25169066448643 124.81051608951331 130.44621298929934 130.90643585940373 91.39410691966899 98.06842415320492 103.82803394925384 110.4262169869676 116.247971261677 102.63564976079836 55.091001275795946 60.16527142286611 60.678980770963946 79.44317462614625 84.71009430175235 89.65708124607008 81.00369956875662 81.85570168471004 104.01385604598087 100.13758465060249 59.962460069880095 67.34259673998679 65.29489351887335 105.82375817606564 106.93095926708315 82.13116113921846 85.00562738319573 104.98963977725026 108.87807069349529 117.2549746695553 118.5747239945664 122.68101208741892 141.19903476654605 119.2049924476838 96.42842126348003 96.46583669941774 108.39081573067071 107.9560296872047 86.5536386378353 150.97266233049703 151.08640862157952 153.95686051934018 115.25990902922251
24.0 42.42353007847298 49.100544510928756 35.57757175327848 56.16148681528311 63.36246259635681 83.17657709194228 90.69467858079477 106.14814625989021 28.567163360350218 21.202663663457567 13.638747009941241 5.378695902459633 0.0 16.356222075451665 24.393701561828628 38.709053379991786 39.185347852564405 47.55113251038675 71.92694982908331 88.3847183210755 85.20105383630742 83.38216997292704 91.22184510208106 89.213786374258 102.4922774335028 101.90312908403028 108.70137146539216 88.94582595577768 94.91157463691636 94.41841004292922 100.14424337103759 108.6346695468846 117.3938402554254 99.44506227385857 107.87299476242623 119.431820188141 125.0675170855049 125.52773995338629 96.77280282191207 103.44712005517847 109.20672985158967 115.80491288898565 121.62666716366448 108.01434566320431 49.712305373531485 54.7865755181862 55.30028487095288 74.06447872424012 79.33139839658922 84.2783853434289 75.62500367180232 76.47700578306296 109.39255194786242 105.51628055245044 54.583764167629305 61.96390083750469 59.91619761675694 100.4450622734723 101.55226336459953 76.75246523686143 79.62693147754436 110.36833567830762 114.2567665951191 122.63367057194021 123.95341989653909 128.05970799015233 135.82033885862842 124.58368834983253 101.80711716585438 101.84453260194857 113.76951163280026 113.33472558981978 81.17494273767025 145.5939664212446 145.70771271811918 148.57816461052738 120.63860493159639
26.0 58.77975215387862 65.45676658605637 51.93379382867056 72.51770889037797 79.71868467145228 99.53279916738845 107.0509006558166 122.50436833497051 44.92338543580274 37.558885738819825 29.99496908526302 21.734917977923534 16.356222075451665 0.0 8.037479486491879 22.352831304698938 22.829125777143986 31.194910434879393 55.570727755724604 72.02849624773314 68.84483176019356 99.73839204779773 107.57806717721269 105.57000844946319 118.84849950896825 118.25935115943672 125.05759354053765 105.30204803081861 111.2677967114594 110.7746321183373 116.50046544620372 124.99089162237888 133.7500623304135 83.08884019898844 91.51677268794825 103.07559811060484 108.71129500994235 109.17151788833172 113.12902489676941 119.80334213082318 125.5629519272114 132.1611349645513 137.98288923936877 124.37056773807052 33.356083298333374 38.43035344574567 38.94406279588136 57.708256650225 62.97517632152558 67.922163272697 59.26878159545125 60.12078370982671 125.7487740232948 121.87250262786793 38.22754209225949 45.60767876116165 43.55997554151947 84.08884019675901 85.1960412889095 60.39624316243975 63.27070940450511 126.72455775373152 130.61298867146292 138.98989264747848 140.30964197102082 144.4159300659335 119.46411678972449 140.9399104256064 118.1633392408629 118.20075467694663 130.1257337082281 129.69094766504256 64.81872066522793 129.23774432936742 129.3514906381703 132.2219425286728 136.9948270067447
27.0 66.81723164000394 73.49424607243469 59.971273314707695 80.55518837694687 87.75616415788545 107.57027865304234 115.08838014234726 130.54184782097357 52.96086492232945 45.59636522543242 38.032448571831104 29.772397464116228 24.393701561828628 8.037479486491879 0.0 14.315351818921732 14.79164629086796 23.15743094698344 47.533248260064184 63.991016762350085 60.807352272781834 107.77587153407146 115.61554666332209 113.60748793490549 126.88597899486965 126.29683064484209 133.09507302613113 113.33952751733845 119.30527619718816 118.8121116039721 124.53794493233389 133.02837110779177 141.78754181649995 75.05136071489417 83.47929319920911 95.03811862619511 100.67381552447002 101.1340384032408 121.16650438305504 127.84082161646532 133.60043141236082 140.19861445012884 146.02036872594937 132.40804722452725 25.318603811636606 30.39287395909794 30.906583309465052 49.67077716046032 54.937696835162136 59.88468378398067 51.23130210715768 52.083304226253574 133.78625350964396 129.9099821141134 30.190062606142757 37.57019927537883 35.52249605415079 76.05136071375837 77.15856180329565 52.35876367436413 55.233229916958024 134.7620372405511 138.65046815778064 147.02737213376233 148.34712145750362 152.4534095519644 111.42663730320973 148.977389911704 126.20081872740629 126.23823416306206 138.1632131945806 137.72842715122755 56.781241173585386 121.20026485674691 121.3140111707366 124.18446304879248 145.03230649274582
29.0 81.132583457231 87.80959789066515 74.28662513257933 94.87054019459268 102.07151597640363 121.8856304721149 129.4037319609495 144.85719963921446 67.27621674032918 59.91171704313187 52.347800389629334 44.08774928247108 38.709053379991786 22.352831304698938 14.315351818921732 0.0 17.300685863341165 8.842079130100753 33.21789644877721 49.67566494281047 46.492000456263185 122.09122335133532 129.93089847951578 127.92283975335457 141.20133081410475 140.61218246257476 147.4104248439415 127.6548793349964 133.62062801504678 133.12746342123705 138.85329674960718 147.34372292582873 156.10289363428024 60.73600889427037 69.16394138220986 80.72276680694104 86.35846370048642 86.8186865756828 135.48185620154834 142.15617343510425 147.9157832310885 154.51396626814375 160.33572054336557 146.72339904165142 27.827643383948647 32.90191353044939 33.415622881529856 35.35542534610384 40.62234501685817 45.56933196590536 36.91595029378158 37.76795240568066 148.1016053279886 144.2253339323302 32.69910217812388 40.07923884704825 38.03153562740226 61.73600889528376 62.84320998525902 38.043411856234236 40.91787809972142 149.0773890585656 152.96581997573344 161.34272395154582 162.66247327668648 166.76876137041654 97.11128548541834 163.29274172883476 140.51617054454474 140.55358598008772 152.47856501188164 152.04377896977513 42.46588935663627 106.88491302741652 106.99865931354594 109.86911122797974 159.34765831142064
30.0 81.60887793108792 88.28589236309443 74.76291960546172 95.34683466778122 102.54781044842846 122.3619249436162 129.88002643284068 145.33349411150954 67.7525112130013 60.38801151621808 52.82409486260555 44.564043755025565 39.185347852564405 22.829125777143986 14.79164629086796 17.300685863341165 0.0 26.142764992621096 50.51858231247823 66.97635080489093 63.792686321456685 122.56751782452656 130.4071929542229 128.3991342261382 141.67762528609956 141.0884769367912 147.88671931670638 128.13117380796353 134.0969224897002 133.6037578952217 139.3295912233121 147.82001739901688 156.57918810801317 78.03669476090047 86.46462724713825 98.02345267135063 103.65914956916589 104.11937244064417 135.95815067396902 142.63246790720285 148.39207770460956 154.9902607397824 160.81201501684592 147.19969351515755 10.52695752101208 15.601227667993161 16.114937018383966 52.65611120863849 57.92303087953715 62.870017827640766 54.21663615607073 55.06863827104202 148.5778998003295 144.70162840537685 15.398416314803388 22.778552984686414 20.730849764090703 79.03669476007616 80.14389584896014 55.34409771786159 58.21856396038352 149.55368353126812 153.44211444819382 161.81901842407683 163.1387677475156 167.24505584203686 114.41197134719181 163.76903620339647 140.99246501771216 141.02988045496735 152.95485948742598 152.52007344152503 59.76657521831367 124.1855988947709 124.29934519910623 127.16979709753642 159.82395278374244
31.0 89.97466258748017 96.65167701987177 83.12870426237558 103.71261932384898 110.9135951041685 130.72770960140127 138.24581109056678 153.69927876953815 76.11829587085768 68.75379617373122 61.1898795192267 52.92982841272639 47.55113251038675 31.194910434879393 23.15743094698344 8.842079130100753 26.142764992621096 0.0 24.375817319057806 40.83358581302376 37.64992132651366 130.93330248193573 138.77297760883215 136.76491888203606 150.04340994264209 149.4542615922044 156.25250397486616 136.49695846533695 142.46270714335532 141.9695425509033 147.69537588010107 156.18580205499268 164.94497276405076 51.89392976413792 60.32186225240505 71.88068768040557 77.51638457581318 77.97660743572247 144.32393533115578 150.99825256348552 156.75786236014523 163.35604539754036 169.17779967117661 155.56547817067298 36.66972251331936 41.743992660502485 42.25770201343647 26.513346215064704 31.78026588664287 36.72725283600733 28.073871161407535 28.925873279417033 156.94368445807723 153.0674130627188 41.541181308192655 48.92131797833013 46.8736147565213 52.89392976398829 54.00113085459668 29.20133272653193 32.07579896931426 157.9194681886205 161.80789910540398 170.18480308239916 171.50455240711966 175.61084049958424 88.26920635624641 172.13482085892505 149.35824967473502 149.39566511020536 161.32064414183935 160.88585809826168 33.623810224113036 98.04283389551293 98.15658024078282 101.02703209212092 168.18973744015258
36.0 114.35047990464984 121.02749433708269 107.50452158324867 128.08843664323933 135.2894124251007 155.1035269234535 162.62162840928448 178.0750960887359 100.49411318840913 93.12961349213828 85.56569683887365 77.30564573026102 71.92694982908331 55.570727755724604 47.533248260064184 33.21789644877721 50.51858231247823 24.375817319057806 0.0 16.457768494062844 13.274104007710381 155.3091198004738 163.1487949299139 161.14073620328313 174.41922726317335 173.8300789112867 180.62832129139355 160.8727757839306 166.83852446832583 166.3453598693595 172.0711931997015 180.56161937350527 189.32079008394004 27.518112444963645 35.946044932963915 47.50487035607713 53.14056725116306 53.60079013302293 168.69975265118038 175.37406988205112 181.13367968116154 187.73186271346913 193.55361699157734 179.9412954897392 61.04553983172858 66.11980998040157 66.63351932854621 33.682430610258315 38.94935028200896 43.8963372305259 35.242955557814724 36.09495767251187 181.31950177595598 177.44323038070354 65.91699862736436 73.2971352978538 71.24943207241385 28.518112445046683 29.625313535247667 20.205318266877377 23.07978450985949 182.2952855080597 186.18371642454395 194.56062040143752 195.8803697260205 199.9866578191851 63.89338901268157 196.51063817741752 173.73406699129038 173.77148243220392 185.69646146049416 185.2616754163384 40.79289462029007 73.6670165930013 73.78076289765917 76.65121476788465 192.56555475872455
39.0 130.80824840132135 137.48526283323213 123.96229007461042 144.54620513763814 151.74718091915315 171.56129541355642 179.0793969029681 194.5328645826791 116.9518816822582 109.58738198662986 102.0234653325974 93.76341422479142 88.3847183210755 72.02849624773314 63.991016762350085 49.67566494281047 66.97635080489093 40.83358581302376 16.457768494062844 0.0 16.81633551431732 171.76688829331982 179.60656342461877 177.59850469819855 190.8769957546843 190.28784740702815 197.08608978541312 177.33054427704747 183.29629295990418 182.80312836402044 188.52896169699056 197.0193878704206 205.77855857797152 31.06034395145027 39.48827643874664 51.047101867992026 56.6827987650052 57.143021655316176 185.15752114191156 191.83183837703126 197.59144817651662 204.1896312103405 210.0113854860091 196.3990639848177 77.50330832748958 82.57757847049885 83.09128782203626 50.14019910415212 55.40711877587111 60.35410572456732 51.70072405121006 52.552726166480475 197.77727027049195 193.90099887556107 82.37476712172838 89.75490378843068 87.70720057096725 32.0603439518198 33.167545041417966 36.66308676130485 39.537553003895 198.75305400130827 202.64148491863938 211.01838889505837 212.3381382187544 216.4444263134044 67.43562054897966 212.96840666941557 190.19183548552706 190.2292509232428 202.15422995396028 201.71944391097287 57.250663114628466 77.20924807431413 77.32299438908981 80.19344630598464 209.02332325485827
40.0 127.62458391346473 134.3015983473549 120.77862558997941 141.3625406503706 148.56351643256025 168.37763093024165 175.8957324166442 191.349200095338 113.7682171974665 106.40371750041179 98.83980084822016 90.5797497383207 85.20105383630742 68.84483176019356 60.807352272781834 46.492000456263185 63.792686321456685 37.64992132651366 13.274104007710381 16.81633551431732 0.0 168.58322380800354 176.42289893735796 174.41484020859684 187.69333126865916 187.1041829193295 193.90242529978673 174.1468797909314 180.1126284719361 179.61946387773466 185.34529720609623 193.8357233822432 202.59489409077747 14.244008437804277 22.671940926003046 34.23076634932879 39.86646325010144 40.326686114061445 181.97385665645427 188.6481738914904 194.40778368664576 201.00596672403236 206.82772099964814 193.21539949809727 74.31964384209677 79.39391399464768 79.90762334350013 46.9565346178662 52.223454289291574 57.17044123770904 48.51705956515569 49.369061678563995 194.59360578460328 190.71733438860167 79.19110263316674 86.5712393081177 84.52353607767874 15.244008438156406 16.35120952768142 33.479422274383495 36.35388851733452 195.56938951524148 199.45782043276833 207.83472440882107 209.15447373302487 213.2607618263528 50.61928502326027 209.78474218533896 187.00817100079746 187.04558643694668 198.97056546873682 198.53577942466438 54.06699862851187 60.392912562704055 60.50665888276851 63.377110786191125 205.83965876707293
42.0 40.9586398947512 34.281625462534734 47.804598220196766 27.22068315800251 20.019707376724803 24.60700909491616 32.125110584176184 47.57857826280503 54.81500661303431 62.179506309723024 69.74342296310084 78.00347407053087 83.38216997292704 99.73839204779773 107.77587153407146 122.09122335133532 122.56751782452656 130.93330248193573 155.3091198004738 171.76688829331982 168.58322380800354 0.0 19.93388568738014 17.925826959216415 31.204318018773286 30.615169669372108 37.41341205034087 5.563655982730781 11.529404663962612 11.036240069656916 16.762073398544327 25.252499573211878 34.011670282290765 182.82723224598485 191.25516473449275 202.81399015994242 208.4496870552187 208.90990992957137 25.484843406967407 32.15916063954715 37.91877043684145 44.51695347456891 50.33870774887518 36.726386247820294 133.0944753457495 138.1687454932432 138.682454843938 157.44664869251724 162.71356836974724 167.66055531493026 159.00717363897886 159.85917575372267 50.822983951148046 46.94671255494167 137.96593413976163 145.3460708098308 143.29836758857897 183.82723224553422 184.93443333653192 160.1346352112978 163.0091014488535 51.798767682044115 55.68719860115555 64.06410257579958 65.38385190056893 69.49013999288697 219.2025088405319 53.295728935539294 18.42494719273512 18.462362628166403 30.387341660091476 29.95255561668953 164.5571127125876 228.97613638909058 229.0898826882825 231.96033458510834 37.25643495873437
43.0 48.79831502433332 42.12130059144944 55.64427334927477 35.0603582875791 27.859382506323133 32.44668422426716 39.96478571398107 55.41825339331781 62.654681742733956 70.019181439071 77.5830980922297 85.84314920000782 91.22184510208106 107.57806717721269 115.61554666332209 129.93089847951578 130.4071929542229 138.77297760883215 163.1487949299139 179.60656342461877 176.42289893735796 19.93388568738014 0.0 13.344407031690652 11.270432331540817 10.681283982084445 17.479526363087167 25.497541670304862 31.463290351815708 30.97012575737584 36.6959590858594 45.18638526203357 53.94555596964078 190.66690737497734 199.09483986319776 210.6536652899101 216.28936218690131 216.7495850607835 20.90342347920204 27.577740713080264 33.33735050953953 39.93553354659766 45.75728782142159 16.792500560667808 140.93415047494346 146.00842062274893 146.52212997231504 165.2863238180145 170.55324349768543 175.50023044508748 166.84684877322942 167.69885088674357 58.6626590813738 54.78638768301286 145.80560926899966 153.18574593856923 151.13804271795917 191.66690737530257 192.7741084654715 167.97431033319506 170.84877658107752 59.638442810562495 63.52687372903155 71.90377770309885 73.2235270278025 77.32981512345846 227.04218396421703 48.714309007711094 38.35883287969307 38.396248316257214 50.32122734777465 49.88644130398911 172.39678783752518 236.81581151566726 236.92955782852076 239.8000097193846 57.190320646020346
44.0 46.79025629603542 40.11324186332232 53.636214621322964 33.05229955925189 25.85132377781305 30.43862549604505 37.95672698580306 53.41019466368351 60.64662301449941 68.01112271127477 75.5750393643749 83.83509047174496 89.213786374258 105.57000844946319 113.60748793490549 127.92283975335457 128.3991342261382 136.76491888203606 161.14073620328313 177.59850469819855 174.41484020859684 17.925826959216415 13.344407031690652 0.0 24.61483936285047 24.025691014092985 30.82393339450089 23.48948294235478 29.455231623001353 28.96206702852163 34.68790035720226 43.17832653302041 51.937497241277185 188.6588486469675 197.08678113524135 208.6456065615362 214.28130345738379 214.74152633249383 7.559016447491574 14.233333681230995 19.99294347728828 26.59112651509878 32.41288079013034 30.13690759194062 138.92609174683156 144.00036189443847 144.5140712441543 163.2782650956574 168.54518476918142 173.49217171409606 164.83879004191527 165.69079215759592 56.6546003503487 52.778328956837726 143.797550540636 151.17768721115908 149.1299839902563 189.6588486462937 190.76604973788167 165.96625160779297 168.84071784946386 57.63038408404018 61.518815001474024 69.89571897718402 71.21546830165327 75.321756392161 225.03412523312448 35.369901976187634 36.3507741521166 36.38818958742037 48.31316861919207 47.87838257600783 170.38872911498606 234.80775278710775 234.9214990898738 237.79195098651724 55.18226191751708
46.0 60.068747355929375 53.39173292344871 66.91470568124318 46.33079061891646 39.12981483766704 43.71711655582099 51.23521804412832 66.68868572529897 73.92511407393194 81.28961377045718 88.85353042406334 97.11358153112232 102.4922774335028 118.84849950896825 126.88597899486965 141.20133081410475 141.67762528609956 150.04340994264209 174.41922726317335 190.8769957546843 187.69333126865916 31.204318018773286 11.270432331540817 24.61483936285047 0.0 11.071536509336656 6.20909403161397 36.767974001692174 42.733722682798955 42.24055808863716 47.96639141731626 56.45681759483085 65.21598830194901 201.93733970675453 210.36527219684302 221.92409762009925 227.5597945145094 228.0200173917148 32.17385581172808 38.84817304447711 44.607782841982186 51.20596587781146 57.02772015482205 17.182753087808837 152.2045828066082 157.2788529523213 157.79256230360426 176.55675615617213 181.82367582999296 186.77066277959963 178.11728110461968 178.9692832184304 69.93309141241181 66.05682001877992 157.07604160069306 164.45617826999649 162.4084750485 202.93733970679523 204.0445407973201 179.2447426699833 182.11920890702527 70.90887514514637 74.79730605999978 83.17421003884283 84.49395936045036 88.60024745747009 238.31261629629358 59.984741339499834 49.629265211574065 49.666680647557996 61.59165967848698 61.15687363545421 183.66722016285632 248.08624384752605 248.19999015114405 251.07044204649674 68.46075297788519
47.0 59.479599005866845 52.80258457356 66.3255573317502 45.74164226939858 38.54066648769357 43.12796820663944 50.64606969630306 66.09953737354138 73.33596572403283 80.70046542097462 88.26438207457986 96.52443318211046 101.90312908403028 118.25935115943672 126.29683064484209 140.61218246257476 141.0884769367912 149.4542615922044 173.8300789112867 190.28784740702815 187.1041829193295 30.615169669372108 10.681283982084445 24.025691014092985 11.071536509336656 0.0 17.28063054097611 36.17882565385831 42.14457433387551 41.65140974042848 47.37724306839045 55.86766924398415 64.62683995225217 201.34819135763945 209.7761238458635 221.33494927324315 226.97064616513165 227.43086904157482 31.58470746089372 38.259024695069456 44.01863449119334 50.616817529159164 56.438571803876535 6.111216578457775 151.61543445777738 156.68970460434824 157.20341395446977 175.96760780760243 181.23452747984578 186.18151442493726 177.52813275536136 178.38013486353316 69.34394306200014 65.4676716645958 156.48689325120117 163.86702992008145 161.81932670007672 202.34819135722512 203.45539244775586 178.65559432482968 181.53006056443587 70.31972679487755 74.20815771088664 82.58506168791973 83.90481101326219 88.01109910638189 237.72346794563236 59.39559298944908 49.04011686230797 49.077532298000676 61.002511329827115 60.56772528670228 183.0780718198069 247.49709549925126 247.61084179908778 250.4812936963649 67.87160462756265
48.0 66.27784138711387 59.60082695464952 73.12379971282404 52.539884650357195 45.33890886977148 49.92621058742016 57.44431207574965 72.89777975636031 80.1342081054242 87.49870780206064 95.06262445583657 103.32267556307761 108.70137146539216 125.05759354053765 133.09507302613113 147.4104248439415 147.88671931670638 156.25250397486616 180.62832129139355 197.08608978541312 193.90242529978673 37.41341205034087 17.479526363087167 30.82393339450089 6.20909403161397 17.28063054097611 0.0 42.97706803321144 48.9428167140245 48.44965212040698 54.17548544845513 62.665911624088686 71.42508233284401 208.14643373921174 216.57436622889063 228.1331916489338 233.76888854838688 234.229111423873 38.38294984188822 45.057267075990744 50.81687687151926 57.41505990927403 63.23681418580773 23.391847119498376 158.41367683890797 163.48794698625065 164.00165633507478 182.76585018486185 188.0327698616473 192.97975680831328 184.32637513413448 185.178377245006 76.1421854422566 72.26591404862347 163.28513563216063 170.66527230200012 168.6175690811217 209.14643373830435 210.25363482913147 185.4538367015989 188.3283029403227 77.1179691734846 81.00640008957723 89.38330406883694 90.70305338987441 94.80934148269455 244.5217103284243 66.19383537107124 55.838359243002174 55.87577467917505 67.8007537103484 67.36596766711527 189.87631419333226 254.29533787899697 254.40908417852557 257.2795360778923 74.66984700948349
49.0 46.52229587724922 39.84528144488514 53.36825420271228 32.78433914084557 25.583363359709086 30.170665077259635 37.68876656454569 53.142234244492585 60.378662595450706 67.74316229263167 75.3070789459543 83.56713005347865 88.94582595577768 105.30204803081861 113.33952751733845 127.6548793349964 128.13117380796353 136.49695846533695 160.8727757839306 177.33054427704747 174.1468797909314 5.563655982730781 25.497541670304862 23.48948294235478 36.767974001692174 36.17882565385831 42.97706803321144 0.0 5.965748680975249 5.472584086959426 11.198417415315198 19.688843591186565 28.44801429928923 188.3908882289232 196.8188207171335 208.37764614216456 214.01334303934198 214.47356591099583 31.04849938964854 37.72281662321056 43.48242641937718 50.080609457046265 55.90236373272778 42.29004223041392 138.65813132814316 143.73240147555833 144.24611082672297 163.01030468263565 168.27722435312245 173.22421129902435 164.57082962638972 165.42283173769897 56.386639934583485 52.5103685366951 143.52959012347367 150.90972679210128 148.86202357132314 189.39088822964817 190.49808931957898 165.69829119543346 168.57275743279553 57.362423664124165 61.25085457966432 69.62775855574412 70.94750787816089 75.05379597850492 224.76616481458714 58.85938491812144 12.861291209520527 12.898706645762278 24.82368567681607 24.388899633861225 170.12076868379614 234.53979237428953 234.65353867295372 237.5239905735284 31.692778975677804
