0.0 2.0 3.0 4.0 5.0 6.0 11.0 13.0 16.0 18.0 20.0 21.0 23.0 24.0 26.0 27.0 29.0 30.0 31.0 36.0 39.0 40.0 42.0 43.0 44.0 46.0 47.0 48.0 49.0 50.0 51.0 52.0 53.0 54.0 57.0 59.0 61.0 62.0 63.0 65.0 66.0 67.0 68.0 69.0 70.0 73.0 74.0 75.0 76.0 78.0 79.0 80.0 81.0 82.0 83.0 84.0 86.0 87.0 88.0 89.0 90.0 91.0 92.0 94.0 95.0 96.0 97.0 98.0 100.0 101.0 102.0 104.0 105.0 107.0 109.0 110.0 111.0 112.0
2.0 0.0 4.858961160068462 5.023803018134663 9.88157727842711 15.085673670078307 30.442776737323076 31.71956659838062 34.165098348878445 10.127975345097978 15.54917421991452 21.131565338384625 27.468244859602855 35.57838442334479 48.13128250099014 54.18790913819333 68.66576790738611 69.50036565475023 76.17162372427319 100.72781036151008 117.24463872999448 115.44682589265994 34.09296018266312 39.168706568245575 41.12041287825016 54.613228649663796 54.56860918286856 61.34092921888704 41.335944311527875 47.87628613586698 48.59881712597713 55.20677011898823 62.1254071929589 68.8984117787499 132.29447025912341 139.2261581964326 146.8259004357926 157.65112267388207 153.63086515046064 47.65677191446558 54.86042308738809 63.15242113771882 70.76002060565773 78.35345362999851 62.31807312566151 83.57409636681659 89.98964963129228 90.98429653754818 97.64972865182077 105.67552531910206 113.29480006116722 106.0757864062059 106.6314113795232 39.01045170181259 37.53874086177893 88.64230439199322 100.89571060537867 100.00837783488703 135.93114365843388 139.86805627542483 104.2524871525381 106.4500365625585 44.94924305761798 40.410068511403026 47.75876214745143 44.084387550389366 55.61818867198808 169.04917395494235 84.07096140390266 58.517598984747146 58.53703798340834 73.10165893800672 73.37885117636759 113.11894069283869 176.0229355927272 182.371164561456 185.4368701175474 82.85982134262211
3.0 4.858961160068462 0.0 9.882764177106377 5.022616118668041 10.226712510782587 25.583815577292246 26.86060543855578 29.306137189331018 14.986936505233151 20.408135379519088 25.990526497990267 32.32720601924902 40.43734558325511 52.99024366056406 59.04687029711219 73.52472906610714 74.35932681494685 81.03058488606544 105.58677152147175 122.10359989041348 120.30578705433717 29.233999022633416 34.30974540816442 36.26145171865005 49.75426749035081 49.709648023709036 56.48196805933563 36.4769831518216 43.01732497649501 43.73985596694425 50.34780895806624 57.266446033325415 64.03945062027063 137.15343141990581 144.08511935169025 151.68486159440135 162.5100838494549 158.48982630979833 42.79781075505135 50.001461927876065 58.293459977785844 65.9010594451987 73.49449246912062 57.45911196562479 88.43305752610189 94.84861079106358 95.84325769689174 102.50868981226922 110.53448647436487 118.1537612215568 110.93474756443071 111.49037254439169 34.15149054191796 32.67977970254709 93.50126555186495 105.75467176630772 104.86733899526422 140.79010481640313 144.7270174346249 109.11144831194903 111.30899772059038 40.090281897816276 35.55110735172728 42.899800988893716 39.22542639104928 50.75922751180468 173.90813512059208 79.2120002446086 53.65863782568461 53.67807682392349 68.2426977783353 68.51989001642093 117.97790184764776 180.88189675732374 187.23012572623077 190.295831258933 78.00086018415743
4.0 5.023803018134663 9.882764177106377 0.0 14.905380296215395 20.109476687985307 35.466579755306 36.743369616245424 39.188901367034696 5.10417232765008 10.525371201935574 16.10776232036633 22.444441841692118 30.554581405767514 43.107479483325434 49.164106120369325 63.6419648890881 64.47656263714414 71.1478207066674 95.70400734118331 112.2208357133035 110.42302287505251 39.11676320018806 44.19250958579506 46.14421589564345 59.637031668234656 59.592412200640496 66.36473223666239 46.359747328574166 52.90008915446505 53.62262014398823 60.23057313640283 67.1492102103949 73.92221479732854 127.2706672396621 134.2023551778246 141.80209742167273 152.62731966504703 148.60706212990988 52.680574932504975 59.88422610519635 68.17622415647324 75.78382362327282 83.37725664807763 67.3418761431402 78.5502933489408 84.96584661303518 85.96049351841228 92.62592562938815 100.65172229804396 108.27099704380318 101.05198338715996 101.6076083594485 44.034254719576 42.56254387985421 83.61850137418907 95.87190758801489 94.9845748170782 130.90734064135324 134.84425325839027 99.22868413514351 101.42623354305428 49.97304607537595 45.43387152924517 52.7825651655327 49.10819056825444 60.64199168896336 164.02537096221812 89.0947644224351 63.54140200241813 63.56084100141314 78.12546195603952 78.40265419421625 108.09513767090415 170.9991325696354 177.34736154352868 180.41306707176497 87.88362436075231
5.0 9.88157727842711 5.022616118668041 14.905380296215395 0.0 5.20409639192766 20.56119945890172 21.83798932047921 24.283521070821696 20.009552623747677 25.430751498184804 31.01314261678329 37.349822137872806 45.459961702164264 58.012859779669284 64.06948641674231 78.54734518484646 79.38194293311749 86.05320100427244 110.60938763780283 127.12621600766353 125.32840317387738 24.211382903965955 29.287129289493866 31.23883559994275 44.73165137120103 44.687031904402076 51.459351939997674 31.454367033357975 37.994708858256644 38.717239847983706 45.32519284019101 52.243829915267675 59.01683450072299 142.1760475367489 149.1077354708732 156.70747771095233 167.5326999467207 163.51244243203448 37.775194636351124 44.97884580775793 53.2708438597047 60.87844332709654 68.4718763491595 52.43649584721944 93.45567364487093 99.87122690979419 100.86587381525368 107.53130592817698 115.55710259455617 123.176377341552 115.95736368102797 116.51298865389819 29.128874423454736 27.65716358334542 98.52388166997079 110.7772878837041 109.88995511405102 145.81272093686744 149.74963355275938 114.13406443158478 116.3316138387617 35.06766577895209 30.52849123305609 37.87718487098145 34.20281027136388 45.73661139494686 178.9307512299101 74.18938412597112 48.6360217064091 48.655460705042586 63.22008165982058 63.497273897965435 123.0005179618343 185.90451286895876 192.25274179359133 195.31844737180907 72.97824406508734
6.0 15.085673670078307 10.226712510782587 20.109476687985307 5.20409639192766 0.0 15.357103067135142 16.633892928528887 19.079424678917537 25.213649015522982 30.634847890158934 36.21723900855549 42.55391852966078 50.66405809385718 63.216956171389526 69.273582808014 83.75144157736327 84.58603932513819 91.25729739359095 115.81348403027238 132.33031240027174 130.53249956571432 19.007286512431943 24.083032898032194 26.034739207775363 39.52755497922574 39.48293551245383 46.255255548253494 26.25027064094025 32.79061246594301 33.51314345583295 40.121096447737635 47.039733522419525 53.81273810889912 147.38014392783012 154.31183186461493 161.91157410278407 172.73679634977822 168.71653881131294 32.57109824449287 39.774749416102864 48.06674746757362 55.67434693576828 63.26777995550781 47.23239945498245 98.6597700361275 105.07532330150894 106.06997020745081 112.73540232521484 120.76119898801295 128.38047373290084 121.16146007997673 121.71708504910389 23.924778031423518 22.453067191263692 103.72797806185599 115.98138427538956 115.09405150549773 151.01681732945167 154.95372994491902 119.33816082716436 121.53571023052244 29.863569387122098 25.324394841189534 32.67308847602267 28.998713879654154 40.53251500426123 184.13484763755565 68.98528773352932 43.43192531474761 43.451364313046774 58.01598526762553 58.29317750572049 128.20461436084827 191.1086092472691 197.45683823500482 200.5225437638362 67.77414767364748
11.0 30.442776737323076 25.583815577292246 35.466579755306 20.56119945890172 15.357103067135142 0.0 12.815571733887008 15.261103484605322 40.57075208272733 45.99195095715527 51.5743420754872 57.91102159659174 66.02116116075383 78.5740592384499 84.630685876271 99.10854464482762 99.94314239194718 106.61440046257107 131.17058709877193 147.6874154683555 145.8896026302494 23.644086445772544 28.71983283038564 30.671539141049415 44.16435491316131 44.11973544633316 50.892055481368594 30.887070574107693 37.42741239900407 38.14994338879822 44.75789638103703 51.676533456210706 58.44953804243133 162.73724699453206 169.66893492951 177.26867716814093 188.0938994037329 184.07364187562473 37.2078981774217 44.41154934998862 52.703547400738515 60.31114686854838 67.90457989092337 51.86919938752595 114.0168731034454 120.4324263683731 121.42707327424449 128.0925053883089 136.1183020561161 143.73757680064014 136.51856314272834 137.07418811966093 20.106456837192493 18.634745997470777 119.08508112957317 131.33848734235158 130.45115457251856 166.37392039464544 170.31083301172606 134.6952638921377 136.8928133010251 26.045248193048394 21.50607364681302 28.85476728240532 25.18039268647421 36.71419380720869 199.4919506989964 73.6220876676158 48.0687252478977 48.088164246152424 62.65278520085756 62.92997743849155 143.56171743178652 206.4657123216279 212.81394124013576 215.87964681094667 72.41094760608068
13.0 31.71956659838062 26.86060543855578 36.743369616245424 21.83798932047921 16.633892928528887 12.815571733887008 0.0 11.293186477973787 41.847541943786354 47.268740818127284 52.851131936781364 59.187811457971975 67.29795102147888 79.85084909928997 85.90747573619464 100.38533450389028 101.21993225294068 107.89119032349171 132.44737695828348 148.9642053283789 147.1663924911893 24.92087630590266 29.99662269197121 31.948329001837415 45.441144773499246 45.39652530713582 52.168845342357905 32.163860435331785 38.704202260277846 39.4267332499278 46.034686241982214 52.9533233168298 59.72632790342372 164.01403685621102 170.94572479393187 178.54546703132138 189.3706892643596 185.35043174511077 38.48468803940999 45.688339211290455 53.98033726178418 61.587936729356805 69.18136975347059 53.14598924895756 115.29366296545338 121.709216229285 122.7038631353264 129.3692952516791 137.3950919182809 145.0143666606625 137.79535300406255 138.3509779805932 16.138539830549405 14.666828990873999 120.36187099087304 132.61527720318617 131.7279444335357 167.650710255849 171.5876228728282 135.97205375332666 138.16960316013376 22.077331186428097 17.53815664025583 24.886850276435815 21.212475678506273 32.74627680050704 200.7687405516641 74.89887752873526 49.345515108630835 49.3649541074448 63.92957506171683 64.20676730007327 144.83850729075607 207.7425021781153 214.0907311154579 217.15643668587194 73.68773746759948
16.0 34.165098348878445 29.306137189331018 39.188901367034696 24.283521070821696 19.079424678917537 15.261103484605322 11.293186477973787 0.0 44.293073694527244 49.71427256887138 55.296663687630925 61.63334320890266 69.74348277203848 82.29638085013528 88.35300748752505 102.8308662560924 103.66546400364837 110.3367220731185 134.8929087106822 151.40973708071834 149.61192424156695 27.366408057503413 32.44215444286384 34.39386075388647 47.8866765259987 47.84205705712588 54.61437709357843 34.60939218558085 41.14973401052675 41.872265000711316 48.48021799361874 55.39885506810286 62.17185965411288 166.45956860628934 173.39125654045066 180.99099877938224 191.8162210042999 187.79596349474602 40.93021978832753 48.13387096363792 56.42586901191622 64.03346847975463 71.62690150283456 55.591520999426336 117.7391947151707 124.1547479803974 125.14939488600564 131.81482700057052 139.84062366745408 147.45989841145806 140.2408847554408 140.79650973310368 14.109703986241826 12.637993146595015 122.80740274071381 135.06080895413936 134.17347618434917 170.09624200661864 174.0331546228453 138.4175855040421 140.61513491129665 20.04849534209182 13.509320795968248 20.858014432099953 17.183639834952913 28.717440956090776 203.2142723035223 77.34440927917834 51.79104685888964 51.81048585773839 66.37510681288637 66.65229905056904 147.28403904289104 210.1880339276354 216.53626287938079 219.60196841753435 76.13326921878416
18.0 10.127975345097978 14.986936505233151 5.10417232765008 20.009552623747677 25.213649015522982 40.57075208272733 41.847541943786354 44.293073694527244 0.0 5.421198874364279 11.003589993329843 17.340269514128643 25.450409078132118 38.003307156125544 44.059933793027454 58.53779256150963 59.37239030872031 66.0436483802323 90.59983501536436 107.1166633851812 105.31885054651153 44.22093552825659 49.29668191348471 51.24838822342339 64.7412039953915 64.69658452860318 71.46890456379188 51.463919656189226 58.00426148158476 58.72679247181263 65.33474546294562 72.253382538075 79.0263871248047 122.16649491473461 129.0981828515661 136.6979250873179 147.52314732900362 143.50288980692733 57.7847472603764 64.98839843269485 73.28039648329289 80.88799595091416 88.48142897405292 72.44604847066125 73.44612102081993 79.86167428609257 80.85632119155855 87.52175330691799 95.54754997340726 103.16682471471158 95.94781105959295 96.50343603472982 49.13842704707566 47.66671620747549 78.51432904682667 90.76773525908028 89.88040248986523 125.8031683137231 129.74008093024517 94.12451180999685 96.32206121797236 55.07721840297049 50.53804385671955 57.88673749343312 54.21236289613861 65.7461640169304 158.92119863257852 94.19893674998697 68.64557433062853 68.66501332926688 83.22963428394436 83.5068265216458 102.99096534202206 165.8949602160927 172.24318921220163 175.30889474511537 92.98779668812568
20.0 15.54917421991452 20.408135379519088 10.525371201935574 25.430751498184804 30.634847890158934 45.99195095715527 47.268740818127284 49.71427256887138 5.421198874364279 0.0 5.5823911184286725 11.919070639752352 20.029210203773722 32.58210828127752 38.6387349185198 53.116593687097435 53.951191434803164 60.62244950591375 85.17863613973745 101.69546451089964 99.89765167443848 49.64213440213071 54.71788078754392 56.66958709796968 70.16240286972817 70.11778340314464 76.89010343838534 56.885118531181504 63.425460355917835 64.14799134576434 70.75594433788372 77.67458141235144 84.44758599889467 116.74529604049319 123.67698397722569 131.27672621617018 142.10194845506055 138.08169092975805 63.20594613428844 70.40959730725204 78.70159535750011 86.30919482526521 93.90262784807925 77.86724734506133 68.02492214677278 74.44047541179499 75.43512231753868 82.10055443033691 90.12635109769883 97.74562584200093 90.52661218672175 91.08223716536446 54.55962592141326 53.087915081780714 73.0931301724084 85.34653638594 84.45920361543295 120.38196943817829 124.3188820574675 88.70331293466504 90.90086234234113 60.498417277437795 55.95924273108275 63.30793636744575 59.63356177029239 71.16736289074383 153.4999997543534 99.62013562437741 74.06677320448641 74.08621220327913 88.65083315740854 88.92802539572824 97.5697664732633 160.47376137197094 166.82199030459734 169.88769583777642 98.40899556285183
21.0 21.131565338384625 25.990526497990267 16.10776232036633 31.01314261678329 36.21723900855549 51.5743420754872 52.851131936781364 55.296663687630925 11.003589993329843 5.5823911184286725 0.0 6.336679521063556 14.446819085373562 26.999717162910457 33.0563438000756 47.53420256928089 48.368800316839575 55.04005838637272 79.5962450204826 96.1130733919917 94.3152605561393 55.22452552049552 60.300271906216494 62.25197821642283 75.74479398836198 75.70017452121412 82.47249455693029 62.46750964982736 69.00785147471922 69.73038246430983 76.33833545661246 83.25697253152589 90.02997711768433 111.16290491977838 118.09459285703493 125.69433508935026 136.51955732739358 132.49929981274744 68.78833725287787 75.9919884258668 84.28398647627239 91.89158594358042 99.48501896680467 83.44963846360197 62.44253102823881 68.85808429306786 69.85273119941338 76.51816331428668 84.54395997997545 92.16323472291961 84.94422106478815 85.49984604412025 60.1420170398239 58.67030620028996 67.51073905384696 79.76414526652786 78.87681249667087 114.79957832193965 118.73649093868596 83.12092181555741 85.3184712247585 66.08080839591446 61.541633849459444 68.8903274856209 65.21595288854458 76.74975400936515 147.91760863403783 105.20252674253915 79.64916432316882 79.66860332159696 94.23322427605152 94.51041651468938 91.98737535254935 154.8913702791287 161.2395991819067 164.3053047407374 103.99138668162342
23.0 27.468244859602855 32.32720601924902 22.444441841692118 37.349822137872806 42.55391852966078 57.91102159659174 59.187811457971975 61.63334320890266 17.340269514128643 11.919070639752352 6.336679521063556 0.0 8.110139564061697 20.66303764161532 26.719664278752646 41.19752304793721 42.03212079540069 48.703378866388626 73.2595655038269 89.77639386931887 87.97858103448749 61.56120504231859 66.63695142727302 68.58865773771619 82.0814735088299 82.03685404246345 88.80917407782391 68.80418917059936 75.3445309957778 76.06706198592765 82.6750149779875 89.59365205238379 96.36665663872022 104.82622539681046 111.75791333515303 119.35765557424676 130.18287781394784 126.16262028368756 75.12501677388776 82.32866794692227 90.6206659973512 98.22826546440427 105.82169848799992 89.78631798505788 56.105851506794224 62.521404772296535 63.51605167784325 70.18148379166662 78.20728045840534 85.82655520139342 78.60754154618712 79.16316651898391 66.47869656093886 65.00698572144215 61.174059532732386 73.42746574570486 72.54013297592074 108.4628987999207 112.39981141492646 76.7842422969051 78.98179170238906 72.41748791723222 67.87831337105186 75.22700700679773 71.55263241002804 83.08643353047871 141.58092913289227 111.53920626430309 85.98584384441807 86.00528284273639 100.56990379718243 100.84709603585723 85.65069583303958 148.55469074184566 154.9029196661469 157.96862520025903 110.3280662032327
24.0 35.57838442334479 40.43734558325511 30.554581405767514 45.459961702164264 50.66405809385718 66.02116116075383 67.29795102147888 69.74348277203848 25.450409078132118 20.029210203773722 14.446819085373562 8.110139564061697 0.0 12.552898077621698 18.609524714724436 33.087383483556394 33.9219812317411 40.593239303000175 65.14942593874798 81.66625430979575 79.868441471908 69.67134460562173 74.74709099109576 76.69879730152431 90.1916130728799 90.14699360613817 96.91931364163005 76.91432873472758 83.45467055985267 84.1772015491498 90.7851545416241 97.70379161632886 104.47679620208102 96.71608583732652 103.64777376949226 111.24751600534097 122.07273824190588 118.05248073015096 83.23515633813247 90.43880751105173 98.73080556147363 106.33840502863103 113.93183805225328 97.89645754911594 47.99571194302308 54.41126520776784 55.40591211393993 62.071344227447184 70.0971408955809 77.716415641311 70.4974019831507 71.05302695956112 74.58883612459185 73.11712528518947 53.063919968639894 65.31732618180456 64.4299934122285 100.35275923623456 104.28967185258446 68.67410273172595 70.87165214126114 80.52762748082456 75.98845293446199 83.33714657064982 79.66277197494955 91.19657309547456 133.47078956189006 119.64934582765454 94.09598340843449 94.1154224067095 108.68004336127817 108.95723559942131 77.54055626676623 140.44455115391187 146.79278009995892 149.85848563578446 118.4382057661654
26.0 48.13128250099014 52.99024366056406 43.107479483325434 58.012859779669284 63.216956171389526 78.5740592384499 79.85084909928997 82.29638085013528 38.003307156125544 32.58210828127752 26.999717162910457 20.66303764161532 12.552898077621698 0.0 6.056626637080304 20.53448540615686 21.369083153975367 28.040341225686845 52.59652786058844 69.11335622827542 67.31554339479936 82.22424268320705 87.29998906909512 89.25169537908286 102.74451114984151 102.69989168402552 109.47221171957176 89.46722681120848 96.00756863785466 96.7300996266911 103.33805261905292 110.2566896938416 117.02969428002362 84.1631877606969 91.0948756959512 98.69461793755146 109.51984018313419 105.49958264414258 95.78805441580481 102.99170558930481 111.28370363889303 118.89130310631526 126.48473612941496 110.44935562638273 35.442813865410734 41.858367130512946 42.85301403663745 49.518446150385316 57.54424281769815 65.16351756122789 57.94450390467297 58.50012888040857 87.141734202275 85.67002336227526 40.511021891099986 52.76442810485891 51.87709533483353 87.79986115846782 91.7367737769794 56.12120465351518 58.318754062838565 93.080525559024 88.54135101292349 95.89004464830069 92.2156700513433 103.7494711725029 120.91789146965996 132.20224390532667 106.64888148537233 106.66832048409015 121.23294143861199 121.51013367709312 64.98765819155757 127.89165308089363 134.23988203049353 137.30558759596354 130.99110384378588
27.0 54.18790913819333 59.04687029711219 49.164106120369325 64.06948641674231 69.273582808014 84.630685876271 85.90747573619464 88.35300748752505 44.059933793027454 38.6387349185198 33.0563438000756 26.719664278752646 18.609524714724436 6.056626637080304 0.0 14.477858768972185 15.31245651685419 21.983714588584462 46.539901224570606 63.056729594075605 61.258916757551276 88.28086932020577 93.35661570619061 95.30832201622832 108.80113778926712 108.75651832156814 115.52883835605762 95.52385344935288 102.06419527323028 102.7867262646669 109.39467925566404 116.31331633089084 123.08632091771736 78.10656112170292 85.03824905999909 92.63799129845594 103.46321353923457 99.44295600783549 101.84468105270065 109.0483322253537 117.3403302755452 124.94792974333308 132.541362766242 116.50598226360074 29.38618722837727 35.80174049346362 36.796387399228394 43.4618195151142 51.48761618049211 59.106890924978366 51.88787726857518 52.4435022451776 93.19836083856134 91.72665000175846 34.45439525399198 46.70780146695711 45.82046869707155 81.74323452217254 85.68014714085344 50.064578019200155 52.26212742707307 99.13715219420588 94.59797764847346 101.94667128549946 98.27229668823372 109.80609780931273 114.86126481303597 138.25887054233846 112.70550812245878 112.72494712220363 127.2895680762251 127.56676031350932 58.93103155626751 121.83502645406895 128.18325536794978 131.2489609367508 137.04773048158205
29.0 68.66576790738611 73.52472906610714 63.6419648890881 78.54734518484646 83.75144157736327 99.10854464482762 100.38533450389028 102.8308662560924 58.53779256150963 53.116593687097435 47.53420256928089 41.19752304793721 33.087383483556394 20.53448540615686 14.477858768972185 0.0 14.04592543843708 7.50585581942295 32.06204245588947 48.57887082442489 46.781057986861114 102.7587280897406 107.834474474721 109.78618078521181 123.27899655636826 123.23437708972493 130.00669712520576 110.00171221763631 116.54205404175872 117.2645850316851 123.87253802487731 130.7911750998282 137.56417968588843 63.62870235317917 70.56039028688612 78.16013252990368 88.98535475685308 84.96509723944507 116.3225398213855 123.52619099393532 131.81818904439305 139.4257885118025 147.01922153511077 130.98384103204089 28.119656148977136 34.53520941401865 35.52985632040944 28.983960745929224 37.00975741180278 44.62903215584078 37.41001849964059 37.96564347784234 107.67621960737547 106.20450876868142 33.187864174548324 45.441270388551075 44.55393761812201 67.26537575259708 71.20228836999254 35.586719248652365 37.784268656861045 113.6150109644683 109.07583641833 116.42453005421669 112.7501554573848 124.28395657859906 100.38340605396783 152.7367293114904 127.18336689133946 127.20280588897236 141.7674268439081 142.04461908219824 44.4531727880953 107.35716767538997 113.70539660871722 116.77110216026213 151.525589249182
30.0 69.50036565475023 74.35932681494685 64.47656263714414 79.38194293311749 84.58603932513819 99.94314239194718 101.21993225294068 103.66546400364837 59.37239030872031 53.951191434803164 48.368800316839575 42.03212079540069 33.9219812317411 21.369083153975367 15.31245651685419 14.04592543843708 0.0 21.551781257263748 46.107967893300085 62.624796263716284 60.82698342427052 103.5933258369111 108.66907222261624 110.62077853289092 124.11359430442302 124.0689748377171 130.841294873204 110.83630996656765 117.3766517908627 118.09918278016467 124.70713577279903 131.62577284760485 138.39877743377681 77.67462779205665 84.6063157269777 92.2060579605692 103.03128019987984 99.01102268064082 117.15713756916503 124.3607887421264 132.65278679245915 140.2603862601651 147.85381928332612 131.81843877993808 14.07373071148879 20.48928397459063 21.483930882392322 43.02988618286361 51.055682849578716 58.67495759321494 51.455943936383505 52.01156891452118 108.5108173558672 107.03910651533836 19.14193873747418 31.395344950381176 30.50801218035233 81.31130119021685 85.24821380620776 49.63264468704607 51.83019409428441 114.44960871187837 109.91043416619804 117.25912780194264 113.58475320500762 125.11855432585756 114.42933147855196 153.57132705923445 128.01796463900817 128.0374036386897 142.6020245930844 142.87921683058647 58.499098224659356 121.40309311966837 127.75132204305007 130.8170275835558 152.36018699782466
31.0 76.17162372427319 81.03058488606544 71.1478207066674 86.05320100427244 91.25729739359095 106.61440046257107 107.89119032349171 110.3367220731185 66.0436483802323 60.62244950591375 55.04005838637272 48.703378866388626 40.593239303000175 28.040341225686845 21.983714588584462 7.50585581942295 21.551781257263748 0.0 24.556186635445393 41.073015004567765 39.27520216703295 110.2645839076381 115.34033029402843 117.2920366047482 130.78485237567838 130.74023290923452 137.5125529452382 117.50756803556528 124.04790986172716 124.77044085260201 131.3783938439106 138.29703091941425 145.07003550523527 56.12284653237531 63.05453446832575 70.65427670677079 81.47949894793433 77.4592414256129 123.82839564061781 131.03204681375834 139.324044864648 146.93164433133063 154.52507735457678 138.48969685124933 35.62551196869966 42.041065234677276 43.03571214052951 21.478104926181672 29.503901592405825 37.123176336756 29.904162679827127 30.45978765808009 115.18207542657342 113.71036458815135 40.69371999433042 52.94712620899047 52.0597934386845 59.75951993185855 63.696432550471656 28.080863429097704 30.27841283750561 121.12086678342816 116.5816922369564 123.93038587398507 120.2560112765489 131.7898123979987 92.8775502413011 160.24258513044174 134.68922271010356 134.70866171046038 149.2732826645416 149.55047490391334 36.947316967993416 99.85131185308849 106.19954078881153 109.26524634433335 159.03144507038184
36.0 100.72781036151008 105.58677152147175 95.70400734118331 110.60938763780283 115.81348403027238 131.17058709877193 132.44737695828348 134.8929087106822 90.59983501536436 85.17863613973745 79.5962450204826 73.2595655038269 65.14942593874798 52.59652786058844 46.539901224570606 32.06204245588947 46.107967893300085 24.556186635445393 0.0 16.516828369446998 14.719015532158487 134.82077054627007 139.8965169291186 141.84822323973611 155.34103901131164 155.2964195448464 162.06873957970322 142.06375467353536 148.60409649682327 149.32662748393122 155.9345804789997 162.85321755362827 169.62622214042662 31.566659896559777 38.49834783218526 46.0980900687397 56.92331229553929 52.903054781114065 148.38458227465614 155.5882334484896 163.88023150018796 171.48783096599516 179.0812639898087 163.0458834874433 60.1816986064715 66.59725187150605 67.59189877523617 31.563080755134006 39.58887742095001 47.208152165023506 39.989138508826564 40.54476348703832 139.73826206529907 138.26655122206208 65.24990663180793 77.50331284679595 76.61598007695144 35.20333329641775 39.14024591308668 21.255435732444862 23.452985140396393 145.6770534138573 141.1378788730913 148.48657250826767 144.812197911429 156.345999032542 68.32136359033265 184.79877176454517 159.24540934463266 159.26484834272853 173.8294692968221 174.10666153694146 47.03229279708005 75.29512520718967 81.64335414219805 84.70905968435127 183.58763170465437
39.0 117.24463872999448 122.10359989041348 112.2208357133035 127.12621600766353 132.33031240027174 147.6874154683555 148.9642053283789 151.40973708071834 107.1166633851812 101.69546451089964 96.1130733919917 89.77639386931887 81.66625430979575 69.11335622827542 63.056729594075605 48.57887082442489 62.624796263716284 41.073015004567765 16.516828369446998 0.0 14.198472572995858 151.33759891127 156.41334529864912 158.36505160908337 171.85786738140257 171.81324791479767 178.58556794891444 158.58058304316359 165.1209248670989 165.84345585587653 172.45140884851247 179.37004592328827 186.14305050963935 31.046116935938656 37.977804871898876 45.57754710913217 56.40276933749587 52.382511819916004 164.90141064512858 172.1050618186835 180.3970598682571 188.00465933620563 195.59809235853032 179.56271185601855 76.6985269756495 83.1140802427125 84.10872715054919 48.07990912485354 56.10570579063636 63.7249805349921 56.50596687788895 57.06159185600959 156.25509043533359 154.78337959550447 81.76673500421754 94.02014122058661 93.13280844985564 34.68279033583552 38.6197029529525 37.772264099583595 39.96981351353378 162.19388178598513 157.6547072421733 165.00340087812964 161.32902628106592 172.86282740223947 67.80082062130039 201.31560013450348 175.76223771798266 175.78167671328515 190.3462976658194 190.6234899079427 63.549121165142566 74.77458225801091 81.12281117569142 84.18851674237216 200.10446007463037
40.0 115.44682589265994 120.30578705433717 110.42302287505251 125.32840317387738 130.53249956571432 145.8896026302494 147.1663924911893 149.61192424156695 105.31885054651153 99.89765167443848 94.3152605561393 87.97858103448749 79.868441471908 67.31554339479936 61.258916757551276 46.781057986861114 60.82698342427052 39.27520216703295 14.719015532158487 14.198472572995858 0.0 149.5397860709166 154.615532460002 156.56723877284122 170.06005454378175 170.01543507637916 176.78775511075233 156.78277020355654 163.3231120296713 164.04564301754735 170.6535960114735 177.57223308800377 184.34523767250434 16.84764436451861 23.7793323000455 31.379074537576464 42.20429677346479 38.18403924546214 163.10359780856558 170.3072489813411 178.59924703070246 186.20684649945213 193.80027952377685 177.76489901922548 74.90071414021202 81.31626740955085 82.31091431348966 46.28209628725361 54.30789295313046 61.92716769743191 54.708154040371454 55.26377901731924 154.45727759787607 152.9855667565413 79.96892216497918 92.222328380692 91.33499561333264 20.484317764416822 24.421230381342877 35.974451263171886 38.17200068031572 160.39606894899578 155.85689440408237 163.20558804053167 159.53121344350134 171.06501456374593 53.60234805485913 199.51778729756984 173.96442487787857 173.98386388082366 188.54848482913724 188.8256770696778 61.751308328751 60.576109676533065 66.92433860638442 69.99004416147122 198.30664723676557
42.0 34.09296018266312 29.233999022633416 39.11676320018806 24.211382903965955 19.007286512431943 23.644086445772544 24.92087630590266 27.366408057503413 44.22093552825659 49.64213440213071 55.22452552049552 61.56120504231859 69.67134460562173 82.22424268320705 88.28086932020577 102.7587280897406 103.5933258369111 110.2645839076381 134.82077054627007 151.33759891127 149.5397860709166 0.0 19.71119107470176 21.662897384793375 35.15571315635909 35.11109368965429 41.88341372519164 7.242984129131607 13.783325953943901 14.50585694384437 21.11380993591031 28.032447010705084 34.805451596931704 166.38743044206325 173.3191183788732 180.91886061662444 191.74408284092806 187.7238253289666 28.199256421152818 35.40290759406531 43.69490564466872 51.30250511218043 58.895938134714314 42.86055763215249 117.66705654838776 124.08260981248876 125.07725671907752 131.74268883660287 139.76848549862444 147.38776024435865 140.1687465909114 140.7243715654661 32.21176140879701 30.740050569595887 122.7352645736544 134.98867078724362 134.10133801742688 170.02410384035784 173.9610164553921 138.34544733742277 140.54299674656 38.15055276562892 33.61137821890488 40.96007185298626 37.28569725808088 48.819498380477754 203.14213413134541 64.61344591125174 24.42463880260253 24.44407780124385 39.00869875560358 39.2858909939261 147.21190087625007 210.11589576297288 216.46412470105633 219.52983027848882 48.76686116068422
43.0 39.168706568245575 34.30974540816442 44.19250958579506 29.287129289493866 24.083032898032194 28.71983283038564 29.99662269197121 32.44215444286384 49.29668191348471 54.71788078754392 60.300271906216494 66.63695142727302 74.74709099109576 87.29998906909512 93.35661570619061 107.834474474721 108.66907222261624 115.34033029402843 139.8965169291186 156.41334529864912 154.615532460002 19.71119107470176 0.0 13.387553726390163 15.444522082217414 15.399902615448527 22.172222650537186 26.954175203733435 33.494517029051536 34.21704801841017 40.82500101082996 47.743638085182866 54.51664267181195 171.46317682572203 178.39486476433945 185.99460699888053 196.81982923607916 192.79957170825423 19.9239127626633 27.127563935542913 35.41956198576978 43.027161453162506 50.62059447684593 23.149366557311215 122.74280293414375 129.15835619936448 130.15300310499748 136.81843521981693 144.8442318876747 152.46350662995155 145.2444929725744 145.80011795510572 37.28750779432801 35.81579695503409 127.81101096048964 140.06441717282337 139.17708440303645 175.09985022621544 179.03676284308608 143.4211937236407 145.6187431311263 43.226299150927304 38.687124603650574 46.03581824009518 42.3614436438077 53.895244765157585 208.21788051852394 56.33810225257717 44.13582987684464 44.15526887604083 58.719889830316546 58.99708206813435 152.28764725939456 215.19164214772434 221.53987107595373 224.60557663026395 68.47805223570911
44.0 41.12041287825016 36.26145171865005 46.14421589564345 31.23883559994275 26.034739207775363 30.671539141049415 31.948329001837415 34.39386075388647 51.24838822342339 56.66958709796968 62.25197821642283 68.58865773771619 76.69879730152431 89.25169537908286 95.30832201622832 109.78618078521181 110.62077853289092 117.2920366047482 141.84822323973611 158.36505160908337 156.56723877284122 21.662897384793375 13.387553726390163 0.0 28.832075807161424 28.787456341835693 35.5597763767805 28.905881513413792 35.44622333876405 36.16875432856277 42.77670732099795 49.695344395680465 56.46834898174018 173.41488313481295 180.3465710733558 187.94631330814315 198.77153554362036 194.7512780211472 6.53635903643194 13.740010209270556 22.032008259835862 29.63960772701274 37.2330407503713 36.536920283549776 124.69450924436131 131.11006250920948 132.10470941514183 138.7701415298883 146.79593819587961 154.41521293990203 147.196199284704 147.75182426341883 39.23921410597602 37.76750326587951 129.76271727072228 142.01612348309223 141.12879071350704 177.0515565357974 180.98846915251858 145.37290003226354 147.57044944183917 45.1780054620654 40.638830915731575 47.98752455166874 44.31314995454331 55.846951070783206 210.16958683207667 42.95054852615265 46.08753618698865 46.10697518612394 60.671596140624914 60.94878837942309 154.23935357106456 217.14334846251626 223.49157738455875 226.55728295380794 70.42975854590347
46.0 54.613228649663796 49.75426749035081 59.637031668234656 44.73165137120103 39.52755497922574 44.16435491316131 45.441144773499246 47.8866765259987 64.7412039953915 70.16240286972817 75.74479398836198 82.0814735088299 90.1916130728799 102.74451114984151 108.80113778926712 123.27899655636826 124.11359430442302 130.78485237567838 155.34103901131164 171.85786738140257 170.06005454378175 35.15571315635909 15.444522082217414 28.832075807161424 0.0 15.324688157122388 6.727700568752466 42.39869728540653 48.939039110102215 49.661570100218285 56.26952309252485 63.18816016670071 69.96116475354161 186.90769890666135 193.8393868446076 201.4391290805109 212.2643513160723 208.24409379376507 35.36843484455325 42.57208601724464 50.86408406773538 58.47168353541821 66.06511655831721 23.07415209933785 138.18732501584634 144.60287828040597 145.59752518657808 152.2629573009844 160.288753967266 167.9080287123775 160.68901505484195 161.24464003359958 52.73202987657139 51.26031903754619 143.25553304288104 155.50893925468827 154.62160648483447 190.54437230696414 194.48128492457698 158.8657158044286 161.06326521261775 58.6708212322428 54.13164668822801 61.48034032478607 57.80596572691383 69.33976684877538 223.6624026008397 71.78262433462689 59.580351958675315 59.5997909576224 74.1644119124417 74.44160415000255 167.73216934509986 230.6361642232436 236.98439316545094 240.05009872567547 83.92257431719696
47.0 54.56860918286856 49.709648023709036 59.592412200640496 44.687031904402076 39.48293551245383 44.11973544633316 45.39652530713582 47.84205705712588 64.69658452860318 70.11778340314464 75.70017452121412 82.03685404246345 90.14699360613817 102.69989168402552 108.75651832156814 123.23437708972493 124.0689748377171 130.74023290923452 155.2964195448464 171.81324791479767 170.01543507637916 35.11109368965429 15.399902615448527 28.787456341835693 15.324688157122388 0.0 22.052388725870983 42.35407781901395 48.89441964415615 49.616950633691935 56.224903625492985 63.14354070060206 69.91654528688093 186.86307944165873 193.7947673765915 201.39450961526114 212.21973185371004 208.19947432680425 35.323815378194894 42.527466550620446 50.81946460102621 58.42706406868942 66.02049709190496 7.749463942205578 138.14270554815892 144.55825881421504 145.55290571992805 152.21833783506008 160.2441345016058 167.86340924700488 160.64439558887653 161.20002056564172 52.68741041043261 51.21569957197619 143.21091357388428 155.4643197879592 154.57698701832322 190.49975284176406 194.43666545702342 158.82109633911227 161.01864574576095 58.62620176515992 54.08702721978095 61.43572085764961 57.76134626169295 69.29514738069268 223.61778313802267 71.73800486780573 59.535732492513 59.55517149087803 74.11979244545273 74.39698468262688 167.68754987695195 230.59154476987328 236.93977369454 240.00547925961695 83.87795485084085
48.0 61.34092921888704 56.48196805933563 66.36473223666239 51.459351939997674 46.255255548253494 50.892055481368594 52.168845342357905 54.61437709357843 71.46890456379188 76.89010343838534 82.47249455693029 88.80917407782391 96.91931364163005 109.47221171957176 115.52883835605762 130.00669712520576 130.841294873204 137.5125529452382 162.06873957970322 178.58556794891444 176.78775511075233 41.88341372519164 22.172222650537186 35.5597763767805 6.727700568752466 22.052388725870983 0.0 49.12639785415573 55.666739679021944 56.389270669581975 62.9972236611851 69.91586073599038 76.6888653220933 193.63539947630292 200.56708741254795 208.16682964906715 218.99205187855574 214.9717943629118 42.09613541334552 49.29978658590258 57.591784636548994 65.199384103971 72.79281712689118 29.801852668052106 144.915025584454 151.3305788494848 152.3252257553542 158.99065786999904 167.0164545373898 174.63572928010439 167.41671562428854 167.97234060121895 59.45973044535545 57.98801960597724 149.98323361155212 162.23663982349535 161.3493070534755 197.2720728764554 201.20898549258703 165.5934163737533 167.79096578173056 65.39852180188366 60.859347255552116 68.20804089463638 64.53366629791873 76.06746741139442 230.39010316875704 78.51032490326565 66.30805252782292 66.32749152589507 80.8921124808466 81.16930471909826 174.4598699119046 237.3638647860044 243.71209374338173 246.77779928369836 90.65027488566196
49.0 41.335944311527875 36.4769831518216 46.359747328574166 31.454367033357975 26.25027064094025 30.887070574107693 32.163860435331785 34.60939218558085 51.463919656189226 56.885118531181504 62.46750964982736 68.80418917059936 76.91432873472758 89.46722681120848 95.52385344935288 110.00171221763631 110.83630996656765 117.50756803556528 142.06375467353536 158.58058304316359 156.78277020355654 7.242984129131607 26.954175203733435 28.905881513413792 42.39869728540653 42.35407781901395 49.12639785415573 0.0 6.540341824979271 7.262872814615236 13.87082580685664 20.78946288127052 27.562467467937072 173.63041456936952 180.56210250667093 188.16184474734882 198.98706697612334 194.96680945980964 35.44224055124098 42.64589172326528 50.93788977267842 58.54548924130475 66.13892226421366 50.103541760998944 124.91004067685344 131.3255939429575 132.32024084843184 138.98567295840093 147.01146962607697 154.63074437137107 147.4117307119137 147.96735569501723 39.45474553863336 37.98303469863012 129.9782487030852 142.23165491627725 141.3443221465743 177.26708797068136 181.2040005839183 145.5884314665111 147.7859808747357 45.393536892994035 40.854362348069046 48.20305598430717 44.528681387595775 56.06248250889266 210.38511826599927 71.85643004040797 17.181654673392863 17.20109367209678 31.765714626609515 32.04290686487299 154.45488500476802 217.3588798907056 223.70710885879072 226.7728143737865 41.52387703190905
