0.0 2.0 3.0 4.0 5.0 6.0 11.0 13.0 16.0 18.0 20.0 21.0 23.0 24.0 26.0 27.0 29.0 30.0 31.0 36.0 39.0 40.0 42.0 43.0 44.0 46.0 47.0 48.0 49.0 50.0 51.0 52.0 53.0 54.0 57.0 59.0 61.0 62.0 63.0 65.0 66.0 67.0 68.0 69.0 70.0 73.0 74.0 75.0 76.0 78.0 79.0 80.0 81.0 82.0 83.0 84.0 86.0 87.0 88.0 89.0 90.0 91.0 92.0 94.0 95.0 96.0 97.0 98.0 100.0 101.0 102.0 104.0 105.0 107.0 109.0 110.0 111.0 112.0
2.0 0.0 6.356609525254082 6.3057400556333665 13.117503093463334 19.761016328777036 40.76281542667332 50.92659960110079 70.98693329347192 12.602295724192679 18.706213822276272 24.838998326238844 30.404951595017202 33.1338235503801 44.524477593392916 50.23369337130693 59.34598840098589 59.09261723556931 64.34836053782865 75.76839463170575 80.80525638401414 83.70238776139786 37.50869144091307 45.37938469132648 42.01780084135794 52.15570026623644 51.93365474964027 57.6239025246047 42.25803233939416 47.46286012030171 46.79609331074755 51.457046309197864 55.11452566988195 59.097948243193244 88.18057487313091 92.17343220944936 96.38013444263044 96.72374180943461 102.00425110841533 47.348822075880115 51.47672182461453 54.412019387487355 58.071752726460225 61.446529352489 55.832502526159814 66.66352590679404 70.70158602260221 69.93516994837384 78.8501240216205 81.47980050318779 83.97560208082146 78.99391498145646 79.19945266012694 67.64786141462099 68.20022071097861 72.44702188437273 79.51280569871886 79.24097907389135 92.79888428377191 96.68007766719379 81.86609076347139 80.96355287532072 71.63235013507031 76.14682385101015 79.32186315605895 82.10448146424518 80.76208368516373 106.98483973278212 65.03392131811118 47.79609331085102 48.03205024002112 55.857733829512405 55.308512236472254 83.62074680893183 112.42178327725492 115.25017382941425 112.99113522691566 56.948793837332325
3.0 6.356609525254082 0.0 12.66234958094144 6.760893568044288 13.404406803315098 34.406205901101146 44.56999007603609 64.63032376845499 18.958905249613696 25.062823347818778 31.195607851720467 36.76156112050955 39.49043307589352 50.881087118982464 56.59030289679676 65.70259792656242 65.44922676098712 70.70497006298922 82.12500415937798 87.1618659081551 90.0589972912515 31.152081915408495 39.022775165762255 35.66119131604536 45.79909074139043 45.57704522387702 51.26729299919208 35.90142281417775 41.10625059490196 40.43948378516585 45.100436783565236 48.7579161445904 52.74133871773123 94.53718440482362 98.5300417452305 102.73674396416135 103.0803513307824 108.36086064179433 40.99221255037458 45.12011229952078 48.055409861854194 51.71514320151452 55.08991982727594 49.475893001030684 73.02013543232493 77.05819554742382 76.291779473715 85.2067335551272 87.83641003669757 90.3322116072606 85.35052450153262 85.55606218856813 61.291251889224434 61.8436111857899 78.80363140944536 85.86941522441008 85.59758859919386 99.15549380856442 103.03668718947674 88.22270027899532 87.32016240285209 65.27574060840719 69.79021432577245 72.96525363139165 75.74787193919862 74.40547415975249 113.34144925199723 58.677311792391976 41.43948378526581 41.675440714631094 49.50112430391141 48.95190271094981 89.97735636802656 118.77839280630576 121.60678335348553 119.34774475438529 50.59218431193101
4.0 6.3057400556333665 12.66234958094144 0.0 19.423243148948224 26.066756384500664 47.06855548217871 57.232339656831584 77.29267334850647 6.296555668449913 12.400473766889927 18.53325827080029 24.099211539413858 26.82808349475521 38.218737537803634 43.927953315729546 53.04024834606706 52.78687717999612 58.04262048454706 69.46265457680602 74.49951632854132 77.39664770547559 43.814431496417654 51.685124746672514 48.32354089689436 58.46144032220522 58.23939480494613 63.92964258027409 48.56377239528541 53.76860017596107 53.10183336614075 57.762786364539316 61.42026572542879 65.4036882986505 81.87483481921633 85.86769216150599 90.0743943843209 90.41800175547343 95.69851105284079 53.6545621314018 57.782461880501764 60.717759442802304 64.37749278212277 67.75226940813737 62.13824258168173 60.35778585139674 64.39584596701265 63.62942989269651 72.5443839576246 75.1740604520983 77.66986203180453 72.68817491668108 72.89371261084327 73.95360146837803 74.50596076546786 66.14128182890005 73.20706564368484 72.9352390178633 86.49314422640623 90.37433761001697 75.5603507146614 74.65781282708548 77.93809018941651 82.45256390645648 85.62760321373702 88.41022151843401 87.06782374065236 100.67909966634141 71.33966137379892 54.10183336632123 54.33779029559169 62.16347388497377 61.614252292118735 77.31500676504385 106.11604322798743 108.94443377003435 106.68539516561077 63.25453389289788
5.0 13.117503093463334 6.760893568044288 19.423243148948224 0.0 6.643513235377603 27.645312333284245 37.80909650722944 57.86943019977954 25.719798817402413 31.82371691580154 37.95650141968265 43.522454688405205 46.25132664367476 57.64198068667662 63.35119646441808 72.46349149508322 72.21012032862731 77.46586362953744 88.88589772160248 93.92275947896323 96.81989085552415 24.39118834735644 32.26188159763351 28.900297747857252 39.03819717324379 38.81615165618791 44.50639943146575 29.14052924608236 34.345357026703 33.678590217280174 38.33954321544333 41.99702257676002 45.980445149568546 101.29807797422694 105.2909353093059 109.49763753649789 109.8412449037047 115.12175420229528 34.23131898248916 38.35921873114806 41.2945162942186 44.954249633333944 48.329026259780605 42.71499943253019 79.78102900035398 83.81908911567459 83.05267304111541 91.96762711721887 94.5973035994607 97.09310517317934 92.11141805142962 92.31695573752285 54.53035832074438 55.082717616600895 85.56452497731968 92.6303087934937 92.35848216768363 105.91638737445047 109.79758075672208 94.9835938606191 94.08105597900438 58.514847040657166 63.02932075764118 66.20436006449152 68.98697836904527 67.64458059125563 120.10234281915044 51.916418225105 34.67859021729103 34.91454714663752 42.74023073618718 42.191009142942015 96.73824990967015 125.5392863730832 128.36767692733568 126.10863831724143 43.83129074384457
6.0 19.761016328777036 13.404406803315098 26.066756384500664 6.643513235377603 0.0 21.00179909776865 31.16558327207322 51.22591696497399 32.3633120528282 38.467230151045044 44.60001465507374 50.16596792376461 52.89483987905068 64.28549392211889 69.9947097003232 79.10700473024067 78.85363356375399 84.10937686352368 95.52941095650272 100.56627271704588 103.46340408900868 17.747675111833296 25.61836836189799 22.256784512837363 32.3946839377575 32.17263842049745 37.86288619603084 22.497016010893034 27.70184379178329 27.035076982392972 31.696029979984242 35.35350934108236 39.336931914344085 107.94159120976812 111.93444854161126 116.14115077856485 116.484758146111 121.76526743736278 27.587805747299868 31.71570549536358 34.65100305817008 38.31073639782758 41.68551302419041 36.07148619730457 86.4245422354372 90.46260235135145 89.69618627659558 98.61114035333193 101.24081683703136 103.7366184126827 98.75493129954639 98.96046898901476 47.886845085474505 48.439204380712326 92.20803821278477 99.27382202820183 99.0019954025766 112.55990062045058 116.44109398739633 101.6271070847301 100.72456921434707 51.87133380551109 56.385807523735636 59.56084682878922 62.34346513536699 61.00106735556745 126.74585606325272 45.272904989573256 28.035076981928494 28.271033911269164 36.09671750058587 35.54749590778475 103.3817631504478 132.18279960232843 135.0111901514921 132.7521515528574 37.18777750852319
11.0 40.76281542667332 34.406205901101146 47.06855548217871 27.645312333284245 21.00179909776865 0.0 21.315049651846643 41.37538334514908 53.36511115077509 59.46902924861128 65.60181375233472 71.16776702121167 73.89663897634891 85.28729301985399 90.99650879749288 100.10880382907641 99.85543266193763 105.11117596519523 116.5312100485655 121.56807180408121 124.46520318839217 24.70208545297244 32.57277870231501 29.21119485274872 39.349094278436915 39.127048762332336 44.81729653677205 29.45142635171545 34.65625413239613 33.989487322680695 38.65044032106255 42.30791968204249 46.29134225484552 128.943390294844 132.93624763915653 137.1429498682615 137.48655722828806 142.7670665430463 34.54221608758236 38.67011583694906 41.60541339939279 45.26514673871557 48.63992336470723 43.02589653727742 107.4263413329868 111.46440144882928 110.69798537435902 119.61293944654358 122.2426159338682 124.73841750865265 119.75673039522235 119.96226807840644 38.036311465470106 38.58867076102052 113.20983731060483 120.27562112658259 120.00379450059113 133.56169971071859 137.44289308599792 122.62890618759478 121.72636829431778 42.020800185510716 46.5352739023564 49.710313209623116 52.49293151488049 51.150533735533635 147.74765515717564 52.2273153303195 34.989487322734526 35.22544425227461 43.05112784139374 42.50190624847036 124.38356224496412 153.1845987091538 156.01298925059 153.75395064590455 44.142187849221784
13.0 50.92659960110079 44.56999007603609 57.232339656831584 37.80909650722944 31.16558327207322 21.315049651846643 0.0 31.539167519375866 63.52889532491052 69.63281342208687 75.76559792771145 81.33155119578674 84.0604231508131 95.45107719383421 101.1602929716019 110.27258800168111 110.01921683577865 115.27496013793584 126.69499423033858 131.73185598302982 134.62898735833753 34.8658696269605 42.73656287728407 39.37497902769607 49.512878453044365 49.29083293573087 54.981080711032526 39.6152105257371 44.82003830697457 44.15327149755181 48.81422449573421 52.4717038561641 56.45512642915712 139.10717447616216 143.1000318136496 147.30673403717626 147.65034140796098 152.9308507110637 44.70600026247556 48.83390000987319 51.76919757321634 55.42893091305298 58.80370753838091 53.18968071240174 117.59012550725048 121.62818562299078 120.86176954868382 129.77672361907 132.40640010918005 134.9022016790933 129.92051456584417 130.12605225192144 28.200095639334407 28.752454935391278 123.37362148473932 130.43940530046967 130.1675786743545 143.72548388197447 147.60667726413473 132.79269035803105 131.89015247552916 32.184584359587284 36.69905807659971 39.874097382665575 42.656715689265866 41.31431791067003 157.9114393301516 62.391099504124185 45.15327149687264 45.38922842652683 53.214912015546346 52.66569042312314 134.54734641753856 163.34838288044102 166.17677342965618 163.91773482273172 54.30597202373533
16.0 70.98693329347192 64.63032376845499 77.29267334850647 57.86943019977954 51.22591696497399 41.37538334514908 31.539167519375866 0.0 83.58922901895703 89.69314711658939 95.82593162081494 101.39188489080196 104.12075684430037 115.51141088717273 121.22062666498186 130.3329216948106 130.07955052906937 135.3352938310753 146.75532792396592 151.79218967754844 154.68932105328332 54.92620332094029 62.79689657093593 59.43531272069963 69.57321214682594 69.35116662872653 75.0414144039978 59.67554421920493 64.88037199993892 64.2136051903019 68.87455818807541 72.53203755098899 76.5154601232351 159.16750817058957 163.16036550495858 167.36706773029272 167.7106751014851 172.9911844053666 64.76633395536595 68.89423370423962 71.82953126564455 75.48926460606825 78.86404123434531 73.25001440504032 137.65045920049917 141.68851931623314 140.92210324217922 149.83705731375875 152.46673380319908 154.96253537254205 149.9808482601306 150.18638594480558 28.315435524342966 28.8677948204828 143.43395517805226 150.49973899356343 150.2279123676076 163.78581757383927 167.6670109574256 152.85302405068222 151.95048617006847 32.29992424459105 17.48440836768289 20.65944767393212 23.442065980556258 22.099668201739483 177.97177302253135 82.4514331992105 65.21360519061867 65.44956212002015 73.27524570909375 72.7260241167736 154.60768011102306 183.4087165762035 186.23710712355324 183.97806851836535 74.3663057169839
18.0 12.602295724192679 18.958905249613696 6.296555668449913 25.719798817402413 32.3633120528282 53.36511115077509 63.52889532491052 83.58922901895703 0.0 6.103918098342813 12.236702602230618 17.802655870985355 20.531527826307965 31.922181869711974 37.63139764742591 46.74369267667877 46.49032151171053 51.74606480954799 63.166098903784075 68.20296066345009 71.10009203468867 50.110987164898205 57.98168041523729 54.62009656523841 64.75799599078253 64.53595047353276 70.22619824867898 54.860328063600946 60.06515584424879 59.398389034968076 64.05934203309802 67.71682139390936 71.70024396682504 75.5782791533259 79.5711364876958 83.77783872274173 84.12144608231195 89.40195538817413 59.95111779998394 64.0790175490151 67.0143151113132 70.67404845082834 74.04882507656802 68.43479825018343 54.06123018291936 58.09929029828959 57.33287422432485 66.24782830156725 68.87750479012635 71.3733063580279 66.39161926391782 66.59715693595649 80.25015713902486 80.80251643580165 59.84472616011098 66.91050997629645 66.63868334996083 80.19658856291053 84.07778193823 69.2637950381356 68.36125715600917 84.23464585927678 88.74911957440476 91.92415888194375 94.70677718854834 93.36437940879244 94.38254400497338 77.63621704240593 60.3983890346543 60.63434596422812 68.46002955350926 67.91080796085848 71.01845110389536 99.8194875583518 102.64787810807678 100.38883950253859 69.55108956094811
20.0 18.706213822276272 25.062823347818778 12.400473766889927 31.82371691580154 38.467230151045044 59.46902924861128 69.63281342208687 89.69314711658939 6.103918098342813 0.0 6.132784503838861 11.698737772656695 14.427609727737046 25.818263771219698 31.52747954906552 40.639774579959315 40.386403413279325 45.64214671524439 57.062180806442626 62.09904256217057 64.99617393584973 56.21490526319339 64.0855985132123 60.7240146637068 70.86191408944403 70.63986857173273 76.33011634734103 60.964246162076506 66.16907394260848 65.50230713293656 70.16326013099976 73.82073949262548 77.80416206532102 69.47436105891045 73.46721838918145 77.6739206183728 78.0175279838148 83.29803728327997 66.05503589819607 70.18293564712468 73.11823320943927 76.77796654919395 80.15274317544151 74.53871634824553 47.95731208454778 51.99537220012198 51.22895612604109 60.14391020398473 62.77358669046781 65.269388257283 60.287701161087455 60.49323882943037 86.35407523526023 86.90643453284841 53.74080806246194 60.80659187728149 60.53476525197369 74.09267045741062 77.97386384454582 63.159876931947856 62.25733905133502 90.33856395726372 94.85303767360884 98.02807698068818 100.81069528693727 99.46829750698176 88.27862591448871 83.7401351406532 66.50230713310998 66.7382640623473 74.5639476515952 74.01472605878243 64.91453300098489 93.71556946225724 96.54396000235947 94.28492140205005 75.65500765968868
21.0 24.838998326238844 31.195607851720467 18.53325827080029 37.95650141968265 44.60001465507374 65.60181375233472 75.76559792771145 95.82593162081494 12.236702602230618 6.132784503838861 0.0 5.565953268731279 8.2948252241897 19.685479267233617 25.39469504535708 34.50699007502918 34.25361890961037 39.509362213111004 50.92939630305111 55.966258059761685 58.86338942925239 62.3476897667494 70.21838301715738 66.85679916738954 76.99469859348126 76.77265307508077 82.46290085050254 67.09703066584416 72.30185844625035 71.63509163685364 76.29604463534986 79.95352399641348 83.93694656956062 63.341576550936765 67.33443389072843 71.541136113014 71.8847434819527 77.16525278865997 72.18782040215098 76.31572015090708 79.25101771373967 82.91075105257228 86.2855276788842 80.67150085230801 41.82452758077973 45.862587696405384 45.09617162225015 54.01112569040999 56.640802184018 59.136603754566394 54.15491664278629 54.36045431384545 92.48685974008231 93.03921903731998 47.60802355834666 54.673807374253855 54.401980747633765 67.95988595504096 71.84107933940388 57.02709243203425 56.1245545523694 96.47134846057413 100.98582217659833 104.1608614833446 106.94347979075543 105.60108201039428 82.14584140461483 89.87291964463358 72.63509163648656 72.87104856572105 80.6967321551194 80.14751056239854 58.78174850580689 87.58278495667001 90.41117550107056 88.15213689816264 81.78779216347019
23.0 30.404951595017202 36.76156112050955 24.099211539413858 43.522454688405205 50.16596792376461 71.16776702121167 81.33155119578674 101.39188489080196 17.802655870985355 11.698737772656695 5.565953268731279 0.0 2.728871955379792 14.119525998561116 19.828741776593038 28.941036806711033 28.68766564065575 33.94340894238192 45.363443034952255 50.40030478881067 53.29743616110605 67.91364303559558 75.78433628597516 72.42275243637583 82.56065186110149 82.33860634411539 88.02885411980324 72.66298393385239 77.86781171453997 77.20104490489405 81.86199790362953 85.51947726515249 89.50289983765902 57.77562327888039 61.76848061458683 65.97518284303649 66.31879021201007 71.59929951383711 77.75377367015518 81.88167341943574 84.81697098269395 88.47670432180567 91.85148094700193 86.23745412149196 36.25857431214472 40.29663442779612 39.530218353728955 48.44517242275474 51.0748489172384 53.57065048647351 48.588963375204465 48.794501057148615 98.05281300869545 98.605172304363 42.042070289492884 49.10785410494873 48.836027478754055 62.39393268873486 66.27512607168543 51.46113916586162 50.55860128449788 102.03730172969047 106.55177544597666 109.72681475191024 112.50943305851779 111.16703527971003 76.57988813480897 95.43887291324928 78.20104490459435 78.43700183492624 86.26268542416346 85.71346383085132 53.21579522761599 82.01683169104166 84.84522223722917 82.58618362729115 87.35374543253587
24.0 33.1338235503801 39.49043307589352 26.82808349475521 46.25132664367476 52.89483987905068 73.89663897634891 84.0604231508131 104.12075684430037 20.531527826307965 14.427609727737046 8.2948252241897 2.728871955379792 0.0 11.390654043101822 17.099869821262942 26.212164851039937 25.958793685286956 31.214536985981105 42.634571082998015 47.67143283596627 50.56856421107199 70.64251499145757 78.51320824117938 75.15162439164564 85.28952381692994 85.06747830000555 90.75772607489772 75.39185588932382 80.59668367105648 79.92991686079974 84.59086985820493 88.24834922052855 92.23177179337046 55.04675132968984 59.03960866801907 63.2463108905621 63.589918257079816 68.870427557281 80.48264562614938 84.61054537497319 87.54584293817163 91.2055762770237 94.58035290233082 88.96632607637667 33.52970235669298 37.56776247272339 36.80134639808378 45.71630047487741 48.34597695973437 50.84177852958655 45.86009141937423 46.06562909838906 100.78168496488458 101.33404426163848 39.31319833396893 46.37898214982323 46.10715552341436 59.66506073062139 63.54625411405402 48.732267204200454 47.82972932469821 104.76617368455815 109.28064740063054 112.45568670755921 115.23830501389689 113.89590723497315 73.8510161790387 98.167744868733 80.92991686005124 81.16587379034878 88.99155737829835 88.44233578701645 50.48692325512203 79.28795972967295 82.11635027945599 79.85731167335565 90.08261738785485
26.0 44.524477593392916 50.881087118982464 38.218737537803634 57.64198068667662 64.28549392211889 85.28729301985399 95.45107719383421 115.51141088717273 31.922181869711974 25.818263771219698 19.685479267233617 14.119525998561116 11.390654043101822 0.0 5.7092157779030295 14.821510810340731 14.56813964218179 19.823882944437308 31.243917037453443 36.28077878752108 39.17791016558833 82.03316903386369 89.90386228399512 86.54227843443036 96.68017785992842 96.45813234225648 102.14838011772028 86.78250993263737 91.98733771339212 91.32057090370894 95.98152390150261 99.63900326288694 103.62242583587023 43.65609728653621 47.648954619617236 51.85565684550697 52.199264219667185 57.479773516728265 91.87329966813316 96.00119941792846 98.9364969800157 102.5962303193944 105.97100694547791 100.35698011870369 22.13904831361394 26.177108429340493 25.410692356292497 34.32564642696946 36.955322915510685 39.45112448629179 34.46943737298595 34.67497505037651 112.1723390071482 112.72469830292229 27.92254429097576 34.988328108071066 34.71650148021331 48.274406685498306 52.15560007115807 37.341613164013154 36.43907528617259 116.1568277271723 120.67130144402702 123.8463407503398 126.62895905688883 125.28656127808574 62.46036212912956 109.55839891108127 92.3205709036757 92.55652783310367 100.38221142232126 99.83298982933084 39.096269228505335 67.89730568823579 70.72569623595585 68.46665763242619 101.47327143027218
27.0 50.23369337130693 56.59030289679676 43.927953315729546 63.35119646441808 69.9947097003232 90.99650879749288 101.1602929716019 121.22062666498186 37.63139764742591 31.52747954906552 25.39469504535708 19.828741776593038 17.099869821262942 5.7092157779030295 0.0 9.112295029750921 8.858923864058957 14.114667162695724 25.534701258100576 30.571563007795366 33.46869439084777 87.74238481182348 95.61307806187644 92.25149421211114 102.3893936376052 102.16734812033198 107.85759589547693 92.49172571054243 97.69655349111751 97.02978668157772 101.6907396796952 105.3482190407542 109.33164161381927 37.946881507031726 41.939738841317734 46.1464410678768 46.4900484462997 51.770557741234384 97.58251544657884 101.71041519568212 104.64571275814271 108.30544609730711 111.68022272331666 106.06619589608496 16.429832535759253 20.467892651703753 19.701476577519177 28.616430647847224 31.246107140245904 33.741908707474174 28.760221597840257 28.965759284929266 117.88155478488919 118.43391408090908 22.213328513491724 29.27911232887776 29.00728570198944 42.56519089833137 46.44638429431051 31.632397387839525 30.72985950451779 121.86604350508264 126.38051722190374 129.55555652804884 132.33817483498976 130.99577705554378 56.75114636086575 115.26761468908575 98.02978668149498 98.26574361087376 106.09142720023203 105.54220560712616 33.387053448865686 62.18808991381415 65.0164804615374 62.75744185506516 107.18248720810931
29.0 59.34598840098589 65.70259792656242 53.04024834606706 72.46349149508322 79.10700473024067 100.10880382907641 110.27258800168111 130.3329216948106 46.74369267667877 40.639774579959315 34.50699007502918 28.941036806711033 26.212164851039937 14.821510810340731 9.112295029750921 0.0 10.940069045279248 5.002372135554882 16.42240622787174 21.459267983414215 24.35639935836382 96.8546798420085 104.72537309209287 101.36378924278881 111.50168866796912 111.27964315058816 116.96989092603744 101.60402074085964 106.80884852133386 106.14208171180078 110.80303471024288 114.46051407093503 118.44393664415169 28.8345864753106 32.82744381146741 37.03414603681576 37.37775340866271 42.658262710373634 106.69481047690556 110.82271022605501 113.75800778807398 117.41774112769565 120.79251775346809 115.17849092720138 18.510977716947504 22.549037832922835 21.782621760104668 19.50413561882213 22.133812108519727 24.62961367763425 19.647926567205058 19.853464249619176 126.99384981516815 127.54620911102188 24.294473696245632 31.36025751181869 31.088430884915006 33.45289588341801 37.334089262451904 22.52010235556604 21.617564474636545 130.97833853569762 135.4928122517339 138.667851557927 141.45046986475023 140.1080720857509 47.638851326511016 124.37990971956032 107.14208171192166 107.3780386410594 115.20372223037913 114.65450063747093 24.274758417875503 53.075794881550706 55.90418542866581 53.64514682289644 116.29478223833745
30.0 59.09261723556931 65.44922676098712 52.78687717999612 72.21012032862731 78.85363356375399 99.85543266193763 110.01921683577865 130.07955052906937 46.49032151171053 40.386403413279325 34.25361890961037 28.68766564065575 25.958793685286956 14.56813964218179 8.858923864058957 10.940069045279248 0.0 15.942441182932846 27.362475277179264 32.39933702842643 35.296468398741695 96.60130867579403 104.47200192593635 101.11041807623073 111.24831750182292 111.02627198434641 116.71651975968554 101.35064957461279 106.55547735536747 105.88871054563103 110.54966354379417 114.20714290483585 118.19056547795196 39.774655519840195 43.76751285726901 47.97421508104048 48.31782245049917 53.5983317519474 106.44143931081476 110.56933905980523 113.50463662229333 117.16436996152854 120.53914658756956 114.92511976107238 7.5709086715125 11.608968787118199 10.842552713307745 30.44420466597765 33.07388115418023 35.56968272404497 30.58799561373712 30.793533297195644 126.74047864886884 127.29283794491516 13.354404648979237 20.420188464657308 20.14836183848068 44.39296492470078 48.274158301921446 33.46017140136561 32.55763352392502 130.7249673692902 135.23944108621666 138.4144803921025 141.1970986987466 139.85470092017772 58.57892036881762 124.12653855318437 106.88871054554427 107.12466747510635 114.95035106406038 114.401129471242 35.214827465806835 64.01586392969914 66.8442544752858 64.5852158694621 116.04141107237766
31.0 64.34836053782865 70.70497006298922 58.04262048454706 77.46586362953744 84.10937686352368 105.11117596519523 115.27496013793584 135.3352938310753 51.74606480954799 45.64214671524439 39.509362213111004 33.94340894238192 31.214536985981105 19.823882944437308 14.114667162695724 5.002372135554882 15.942441182932846 0.0 11.420034093548892 16.45689584750614 19.35402722237268 101.85705197766583 109.72774522774316 106.36616137783815 116.50406080376739 116.28201528650162 121.97226306124557 106.60639287607437 111.81122065724705 111.1444538469897 115.8054068452692 119.46288620648667 123.44630878005816 23.832214340584187 27.82507167634935 32.031773901910896 32.37538127298607 37.65589057281256 111.69718261370514 115.82508236096669 118.76037992353636 122.42011326422679 125.79488988932913 120.18086306207039 23.51334985322263 27.551409972253364 26.78499389518816 14.50176348332796 17.131439972403285 19.627241542648395 14.64555443251937 14.851092114366205 131.99622195023497 132.5485812464112 29.296845830483694 36.36262964687689 36.090803018766174 28.45052374604479 32.331717127196505 17.517730219831773 16.61519233842107 135.98071067091627 140.4951843876111 143.67022369362894 146.45284199963544 145.11044422148495 42.63647919296245 129.38228185485366 112.1444538468422 112.38041077655168 120.2060943662631 119.65687277296736 19.27238628441348 48.073422747627305 50.901813293017675 48.64277468631435 121.2971543736511
36.0 75.76839463170575 82.12500415937798 69.46265457680602 88.88589772160248 95.52941095650272 116.5312100485655 126.69499423033858 146.75532792396592 63.166098903784075 57.062180806442626 50.92939630305111 45.363443034952255 42.634571082998015 31.243917037453443 25.534701258100576 16.42240622787174 27.362475277179264 11.420034093548892 0.0 5.036861753710296 7.933993128981771 113.27708606956928 121.14777932110913 117.78619547084595 127.92409489656973 127.70204938019572 133.39229715355728 118.02642696890688 123.23125475063125 122.56448793950511 127.2254409389385 130.88292030051363 134.86634287262083 12.412180247215398 16.40503758366256 20.611739807368888 20.95534717995223 26.235856483069075 123.1172167045685 127.24511645546644 130.180414017366 133.84014735827887 137.21492398212467 131.6008971560798 34.93338394463261 38.97144406136463 38.205027983604126 15.82034814673068 18.45002463601334 20.945826206319204 15.964139094891241 16.16967677775486 143.41625604400457 143.96861534013917 40.71687991802516 47.78266372665159 47.510837107261196 17.030489652720867 20.911683034292594 11.660123903231165 10.757586021832083 147.40074476337765 151.91521847803224 155.09025778707732 157.87287609404592 156.53047831518265 31.216445110428285 140.80231594718907 123.56448794075231 123.80044486953904 131.6261284585011 131.07690686585073 20.590970946232854 36.65338865278115 39.48177920105068 37.22274059433798 132.71718846720734
39.0 80.80525638401414 87.1618659081551 74.49951632854132 93.92275947896323 100.56627271704588 121.56807180408121 131.73185598302982 151.79218967754844 68.20296066345009 62.09904256217057 55.966258059761685 50.40030478881067 47.67143283596627 36.28077878752108 30.571563007795366 21.459267983414215 32.39933702842643 16.45689584750614 5.036861753710296 0.0 9.625308062611078 118.31394782529814 126.18464107371983 122.82305722536405 132.96095665024936 132.7389111332107 138.42915890839407 123.0632887232915 128.26811650456096 127.60134969323971 132.2623026927486 135.91978205389802 139.9032046272721 14.103495180740214 18.09635251668045 22.30305474185148 22.646662113425727 27.927171415219583 128.15407845775619 132.28197820925638 135.21727577069936 138.87700911044232 142.25178573519378 136.63775891016695 39.97024569730918 44.00830581154074 43.24188974983544 20.857209900401273 23.486886389744004 25.98268795982353 21.00100084902185 21.206538532003947 148.45311779737727 149.0054770921495 45.75374167559016 52.81952549473279 52.54769887431646 18.72180458621184 22.6029979678765 16.696985656910783 15.794447775471799 152.4376065173888 156.95208023483926 160.12711953977208 162.90973784729513 161.56734006799618 32.907760032254714 145.83917770228283 128.601349693647 128.8373066227844 136.66299021240496 136.11376862013915 25.627832699366927 38.34470358427361 41.173094136474454 38.914055529704235 137.75405022079187
40.0 83.70238776139786 90.0589972912515 77.39664770547559 96.81989085552415 103.46340408900868 124.46520318839217 134.62898735833753 154.68932105328332 71.10009203468867 64.99617393584973 58.86338942925239 53.29743616110605 50.56856421107199 39.17791016558833 33.46869439084777 24.35639935836382 35.296468398741695 19.35402722237268 7.933993128981771 9.625308062611078 0.0 121.2110791995914 129.081772450696 125.72018859971976 135.85808802622552 135.63604250822095 141.32629028375138 125.96042009825973 131.16524787980174 130.49848106997715 135.1594340684129 138.81691342997942 142.800336001555 4.478187118133042 8.471044456435038 12.677746679284123 13.021354049722756 18.30186335377916 131.05120983389395 135.17910958340855 138.11440714704813 141.7741404858159 145.14891711124784 139.53489028523933 42.867377072638064 46.90543719435831 46.13902112533785 23.75434127578889 26.38401776532645 28.879819334694925 23.898132223784955 24.103669907258492 151.35024917218004 151.90260846836762 48.650873050352885 55.716656875294504 55.444830244142636 9.096496524014036 12.977689905341991 19.594117032199954 18.69157915086558 155.33473789177123 159.8492116106359 163.02425091537387 165.80686922309096 164.46447144278028 23.282451969365706 148.7363090774079 131.498481069769 131.73443799818347 139.56012158758625 139.01089999485436 28.524964074544258 28.719395523159964 31.547786071281653 29.288747466155705 140.65118159621247
42.0 37.50869144091307 31.152081915408495 43.814431496417654 24.39118834735644 17.747675111833296 24.70208545297244 34.8658696269605 54.92620332094029 50.110987164898205 56.21490526319339 62.3476897667494 67.91364303559558 70.64251499145757 82.03316903386369 87.74238481182348 96.8546798420085 96.60130867579403 101.85705197766583 113.27708606956928 118.31394782529814 121.2110791995914 0.0 17.123744340463283 13.762160492063348 23.90005991806576 23.678014400373797 29.368262175706057 4.749340898955875 9.954168679425006 9.287401870031506 13.94835486803291 17.605834228923307 21.58925680218781 125.68926631758015 129.6821236540402 133.8888258778719 134.23243324981723 139.5129425506161 19.09318172668974 23.22108147597322 26.156379038402797 29.816112377602117 33.19088900459563 27.576862177047396 104.1722173471576 108.21027746299612 107.4438613887504 116.3588154608166 118.98849194938413 121.48429352054988 116.5026064097402 116.70814409058852 51.587131440618 52.13949073637251 109.95571332442788 117.02149714020086 116.74967051452376 130.3075757234618 134.1887691044897 119.37478219730477 118.47224431662576 55.57162016068385 60.08609387714615 63.26113318289602 66.04375149029796 64.70135371258327 144.4935311689069 36.7782809693967 10.28740187015416 10.523358799516476 18.349042388813373 17.79982079487505 121.12943826031795 149.93047472340353 152.7588652706961 150.49982666489788 19.440102396502052
43.0 45.37938469132648 39.022775165762255 51.685124746672514 32.26188159763351 25.61836836189799 32.57277870231501 42.73656287728407 62.79689657093593 57.98168041523729 64.0855985132123 70.21838301715738 75.78433628597516 78.51320824117938 89.90386228399512 95.61307806187644 104.72537309209287 104.47200192593635 109.72774522774316 121.14777932110913 126.18464107371983 129.081772450696 17.123744340463283 0.0 10.351661355704099 6.776315575743427 6.554270058357151 12.244517833755944 21.873085240927477 27.077913021555695 26.411146211958147 31.072099210094127 34.72957857161232 38.713001144494406 133.55995956769215 137.55281690295695 141.7595191282491 142.10312649810868 147.38363580269032 15.682682590343553 19.810582339739135 22.745879901582533 26.40561324108962 29.780389867236277 10.453117835061837 112.04291059756838 116.08097071297138 115.31455463890089 124.22950871166522 126.85918519960742 129.35498677075617 124.37329966023425 124.57883734436007 59.457824690919225 60.01018398674546 117.82640657479664 124.89219039044065 124.62036376450641 138.17826897340345 142.05946235410156 127.24547544877387 126.3429375669383 63.442313409479 67.95678712807731 71.1318264350625 73.91444474099886 72.5720469618389 152.36422442057187 33.36778183283798 27.411146211805292 27.64710314136333 35.47278673051857 34.92356513774766 129.00013151081015 157.80116797402957 160.62955852298808 158.37051991488988 36.563846738968785
44.0 42.01780084135794 35.66119131604536 48.32354089689436 28.900297747857252 22.256784512837363 29.21119485274872 39.37497902769607 59.43531272069963 54.62009656523841 60.7240146637068 66.85679916738954 72.42275243637583 75.15162439164564 86.54227843443036 92.25149421211114 101.36378924278881 101.11041807623073 106.36616137783815 117.78619547084595 122.82305722536405 125.72018859971976 13.762160492063348 10.351661355704099 0.0 17.127976931562063 16.905931414491725 22.59617918963756 18.51150139104776 23.716329171888532 23.049562362173862 27.71051536027557 31.36799472132168 35.35141729493766 130.19837571813724 134.19123305445214 138.3979352793261 138.74154265049543 144.02205195163634 5.331021234550797 9.458920983625076 12.394218546100099 16.053951885298044 19.428728511285364 20.804779190830022 108.6813267477312 112.71938686326803 111.95297078915023 120.86792486086966 123.49760135181177 125.99340292160724 121.01171580888567 121.21725349410127 56.09624084047162 56.64860013626011 114.46482272533413 121.5306065408682 121.25877991485089 134.81668512425932 138.69787850471857 123.88389159809049 122.98135371791994 60.08072956135541 64.5952032785912 67.77024258431445 70.55286089108057 69.21046311175274 149.00264056832592 23.016120476943623 24.0495623621519 24.285519291748614 32.11120288091042 31.56198128801544 125.63854765862584 154.4395841215515 157.2679746713243 155.00893606544696 33.202262889031914
46.0 52.15570026623644 45.79909074139043 58.46144032220522 39.03819717324379 32.3946839377575 39.349094278436915 49.512878453044365 69.57321214682594 64.75799599078253 70.86191408944403 76.99469859348126 82.56065186110149 85.28952381692994 96.68017785992842 102.3893936376052 111.50168866796912 111.24831750182292 116.50406080376739 127.92409489656973 132.96095665024936 135.85808802622552 23.90005991806576 6.776315575743427 17.127976931562063 0.0 6.724669216034416 5.468202257915604 28.64940081656298 33.85422859739072 33.18746178776999 37.848414785980665 41.505894146839054 45.48931671999688 140.33627514408482 144.32913247961795 148.5358347038195 148.87944207570325 154.15995137782434 22.458998166039585 26.58689791624404 29.522195477512994 33.18192881720465 36.55670544311725 10.62351699277157 118.81922617263717 122.85728628893239 122.09087021447954 131.00582428544027 133.63550077554612 136.13130234608104 131.14961523468253 131.35515291631515 66.23414026715201 66.78649956190537 124.60272215079202 131.6685059662106 131.3966793402554 144.95458454929235 148.83577793002007 134.02179102442776 133.11925314385627 70.21862898645014 74.7331027027174 77.90814200938871 80.69076031603714 79.34836253791987 159.1405399961787 40.1440974083978 34.18746178792054 34.42341871702659 42.249102306809135 41.699880713581535 135.7764470879647 164.57748354978918 167.40587409623458 165.1468354913854 43.340162314408275
47.0 51.93365474964027 45.57704522387702 58.23939480494613 38.81615165618791 32.17263842049745 39.127048762332336 49.29083293573087 69.35116662872653 64.53595047353276 70.63986857173273 76.77265307508077 82.33860634411539 85.06747830000555 96.45813234225648 102.16734812033198 111.27964315058816 111.02627198434641 116.28201528650162 127.70204938019572 132.7389111332107 135.63604250822095 23.678014400373797 6.554270058357151 16.905931414491725 6.724669216034416 0.0 12.192871473939837 28.427355299148992 33.632183080088794 32.965416270339595 37.62636926850118 41.28384862957408 45.267271203009045 140.11422962682707 144.10708696222378 148.31378918591776 148.65739655758506 153.93790586180006 22.236952648648256 26.36485239757791 29.30014996012617 32.95988329937238 36.33465992519844 3.8988477766695713 118.59718065587481 122.63524077178226 121.86882469717946 130.7837787698934 133.41345525940798 135.90925682909705 130.92756971876662 131.13310740006816 66.01209474918487 66.56445404546217 124.38067663312972 131.44646044891599 131.1746338228622 144.73253903300918 148.61373241429055 133.79974550784613 132.8972076258376 69.99658346865844 74.51105718657816 77.68609649260966 80.46871479852203 79.1263170201444 158.91849447942676 39.92205189088808 33.96541627015299 34.201373200119534 42.02705678889691 41.47783519615296 135.55440156867428 164.35543803314178 167.18382857736003 164.92478997107617 43.11811679676088
48.0 57.6239025246047 51.26729299919208 63.92964258027409 44.50639943146575 37.86288619603084 44.81729653677205 54.981080711032526 75.0414144039978 70.22619824867898 76.33011634734103 82.46290085050254 88.02885411980324 90.75772607489772 102.14838011772028 107.85759589547693 116.96989092603744 116.71651975968554 121.97226306124557 133.39229715355728 138.42915890839407 141.32629028375138 29.368262175706057 12.244517833755944 22.59617918963756 5.468202257915604 12.192871473939837 0.0 34.11760307451348 39.32243085523118 38.65566404566341 43.316617043871084 46.97409640484028 50.9575189780376 145.80447739982696 149.79733473877332 154.00403696355937 154.34764433417513 159.62815363603363 27.92720042377072 32.0551001728636 34.990397736132344 38.65013107469766 42.0249077006726 16.091719250628053 124.28742843110518 128.32548854696364 127.55907247258436 136.4740265438508 139.10370303464003 141.5995046035569 136.6178174916335 136.8233551759756 71.70234252381923 72.25470182061508 130.07092440793886 137.13670822415838 136.86488159818828 150.42278680713662 154.30398018886643 139.4899932816557 138.58745540150056 75.68683124429973 80.20130496106941 83.37634426826881 86.15896257405996 84.81656479585277 164.60874225106963 45.612299666359775 39.655664045459865 39.89162097503621 47.71730456420733 47.16808297121435 141.2446493446252 170.04568580588597 172.87407635497212 170.61503774889607 48.808364572171314
49.0 42.25803233939416 35.90142281417775 48.56377239528541 29.14052924608236 22.497016010893034 29.45142635171545 39.6152105257371 59.67554421920493 54.860328063600946 60.964246162076506 67.09703066584416 72.66298393385239 75.39185588932382 86.78250993263737 92.49172571054243 101.60402074085964 101.35064957461279 106.60639287607437 118.02642696890688 123.0632887232915 125.96042009825973 4.749340898955875 21.873085240927477 18.51150139104776 28.64940081656298 28.427355299148992 34.11760307451348 0.0 5.204827780658633 4.538060971183509 9.199013969311887 12.856493330261081 16.83991590338398 130.43860721666007 134.4314645539717 138.63816677657923 138.9817741481624 144.2622834500237 23.842522625583264 27.970422374719295 30.90571993723526 34.56545327637124 37.94022990247027 32.32620307598994 108.92155824625073 112.95961836168317 112.1932022872061 121.10815635959695 123.73783284860298 126.2336344180359 121.2519473063478 121.45748499052311 56.33647234048284 56.888831634981415 114.70505422384187 121.77083803886704 121.4990114130336 135.0569166218702 138.93811000350343 124.12412309644755 123.22158521528456 60.320961059523775 64.83543477619608 68.01047408422176 70.79309238786453 69.45069461133374 149.24287206779175 41.52762186812553 5.538060971073192 5.774017900429299 13.599701489438212 13.050479896896801 125.87877916004004 154.67981562257233 157.50820616806087 155.24916756355623 14.690761498248953
