0.0 2.0 3.0 4.0 5.0 6.0 11.0 13.0 16.0 18.0 20.0 21.0 23.0 24.0 26.0 27.0 29.0 30.0 31.0 36.0 39.0 40.0 42.0 43.0 44.0 46.0 47.0 48.0 49.0 50.0 51.0 52.0 53.0 54.0 57.0 59.0 61.0 62.0 63.0 65.0 66.0 67.0 68.0 69.0 70.0 73.0 74.0 75.0 76.0 78.0 79.0 80.0 81.0 82.0 83.0 84.0 86.0 87.0 88.0 89.0 90.0 91.0 92.0 94.0 95.0 96.0 97.0 98.0 100.0 101.0 102.0 104.0 105.0 107.0 109.0 110.0 111.0 112.0
2.0 0.0 2.7675642231319912 2.848541954793364 5.3501739939340425 8.053109989302694 17.438837595140214 18.037798156069023 19.1667795649317 5.737568397719441 8.853844410038826 12.000887921414474 15.755447462401094 23.745295477346282 31.022500277467568 34.60589113009145 45.1029680989625 45.4873650730282 49.528674854130045 66.87060727844917 81.31622440204929 78.67520116434387 19.877315889637217 21.515333954971464 25.444978153916683 35.16221825336682 35.754244855547874 39.60199888542553 25.685515314436206 30.13336617938866 31.631674880964752 36.537168946954814 41.93445360460564 47.11672980016856 93.77065061540952 98.94458421607291 102.84099819297616 114.75679832917876 107.95236277473151 29.342537235797103 34.54041629650917 42.28802136954001 48.14655863877676 54.65079733344601 41.95512103933381 57.74595609879193 63.21193541636658 64.35568805786238 63.06158031368099 71.1015761578964 78.96269404756387 74.22542737533867 74.02227720048143 20.828775299158565 20.20362592728585 61.225184232938545 73.93383455640881 74.7285558266325 99.16476298409302 105.0686815260247 70.30136708902221 70.85994941941308 27.333490137940927 23.24129792619307 29.488485686734144 29.029265666835965 38.123085868967806 123.53040481890133 61.22359364793732 41.63167488160048 41.39875873068833 53.17714572862118 54.030833716411244 79.61508994414297 127.32453478197712 134.97788920485266 138.11688513654443 62.93773566634745
3.0 2.7675642231319912 0.0 5.616106178792112 2.5826097705173057 5.285545765848013 14.671273372040611 15.27023393261307 16.399215341524993 8.505132621229732 11.621408633544021 14.768452144711903 18.523011685819434 26.512859700934605 33.79006450093992 37.37345535352191 47.87053232234001 48.254929297335536 52.29623907751093 69.63817150202493 84.08378862542884 81.4427653877756 17.109751666637425 18.74776973173743 22.67741393010639 32.394654029893566 32.98668063146315 36.83443466253351 22.91795109106392 27.365801956102242 28.86411065759879 33.76960472389026 39.166889381494045 44.34916557738119 96.53821483878443 101.71214844049561 105.60856241804609 117.52436254238219 110.71992699375122 26.574973012247458 31.772852073637985 39.520457146370426 45.37899441541363 51.883233108277295 39.18755681638965 60.513520322114346 65.97949963956705 67.12325228116083 65.82914453701747 73.86914038127203 81.73025827096903 76.99299159873087 76.78984142351054 18.061211076203378 17.436061703566658 63.99274845593436 76.70139878021423 77.4961200500757 101.93232720715932 107.83624574778241 73.06893131258961 73.6275136426493 24.565925914323053 20.473733702678395 26.720921464077556 26.26170144358865 35.3555216455049 126.29796909571715 58.45602942439737 38.86411065724023 38.631194506974296 50.40958150479759 51.26326949267076 82.3826541673046 130.0920989983773 137.74545343162313 140.88444937852861 60.17017144299908
4.0 2.848541954793364 5.616106178792112 0.0 8.198715949202501 10.901651944471741 20.287379551228163 20.8863401114446 22.015321520414144 2.8890264425410974 6.005302454831373 9.1523459660968 12.906905507271585 20.896753521990927 28.17395832248297 31.757349174980092 42.25442614386411 42.63882311884085 46.68013289857929 64.02206532334029 78.46768244673686 75.82665920954959 22.725857844997044 24.363875910571622 28.293520109552393 38.01076020783438 38.60278680946483 42.450540841129246 28.534057269690173 32.981908134368474 34.48021683598482 39.385710902612246 44.782995560344325 49.96527175529386 90.92210866047861 96.0960422623621 99.99245623758206 111.90825634659448 105.10382081345443 32.19107919052631 37.38895825189661 45.136563324580415 50.995100593518856 57.49933928738579 44.80366299506888 54.89741414384431 60.36339346108538 61.507146102545036 60.213038358860736 68.25303420295957 76.11415209250283 71.37688542027735 71.17373524512827 23.67731725526253 23.052167882789902 58.3766422775583 71.0852926012723 71.88001387162004 96.31622102883009 102.22013957038973 67.4528251339216 68.01140746425637 30.182032092862457 26.089839881292285 32.33702764249224 31.877807622432123 40.97162782404281 120.68186289786149 64.07213560264812 44.48021683661284 44.247300685753586 56.025687684654876 56.879375672086994 76.76654798869085 124.47599282882024 132.12934725398733 135.26834318970887 65.78627762173274
5.0 5.3501739939340425 2.5826097705173057 8.198715949202501 0.0 2.7029359953383922 12.088663602016613 12.687624161791955 13.816605570663466 11.087742391840052 14.20401840417724 17.35106191502601 21.105621456231994 29.095469471476193 36.37267427145548 39.95606512447307 50.45314209276348 50.837539067465656 54.87884884789194 72.22078127250003 86.6663983958033 84.02537515808203 14.527141896076362 16.165159961232384 20.094804160231508 29.812044258978958 30.404070861051288 34.25182489180331 20.335341320176486 24.783192185465627 26.28150088715684 31.18699495302367 36.58427961038237 41.766555806144694 99.12082460950072 104.29475821093865 108.19117218724008 120.10697232268137 113.3025367690074 23.992363242003485 29.19024230313717 36.937847375606836 42.796384645024204 49.300623339167664 36.604947045778054 63.096130092477175 68.56210941015621 69.70586205176906 68.41175430774206 76.45175015185919 84.31286804146464 79.57560136903754 79.3724511943038 15.47860130617731 14.853451933074933 66.57535822716727 79.28400855036229 80.07872982073441 104.51493697819838 110.41885551874591 75.65154108294504 76.21012341341674 21.98331614392792 17.891123932149327 24.13831169321524 23.67909167295186 32.77291187524547 128.88057882569072 55.87341965373804 36.28150088690571 36.048584736930046 47.82697173484441 48.68065972219149 84.96526393746038 132.67470875963934 140.3280631865259 143.46705912949773 57.58756167285371
6.0 8.053109989302694 5.285545765848013 10.901651944471741 2.7029359953383922 0.0 9.385727606203487 9.984688166562265 11.113669575377797 13.790678386829988 16.906954399396536 20.05399791077985 23.8085574516479 31.798405466892557 39.07561026645987 42.659001118985955 53.15607808814569 53.54047506266966 57.58178484322312 74.92371726778973 89.36933439031836 86.7283111538628 11.824205900610538 13.462223966103917 17.391868164826228 27.10910826418836 27.701134865794682 31.548888895746536 17.632405325166467 22.080256190479084 23.578564891978218 28.484058957902686 33.88134361551619 39.06361981105616 101.8237606044766 106.99769420608175 110.89410818135006 122.80990829635832 116.00547276346919 21.289427246266968 26.48730630833905 34.23491138031179 40.09344864939509 46.59768734275591 33.902011051027536 65.799066087751 71.2650454058224 72.40879804683172 71.11469030295513 79.15468614696111 87.01580403672907 82.27853736454298 82.07538718960471 12.775665310851927 12.150515937709429 69.27829422284934 81.98694454542714 82.78166581601312 107.21787297302615 113.12179151450238 78.35447707844195 78.9130594086564 19.280380148600933 15.18818793717311 21.435375697947038 20.97615567779726 30.069975879544682 131.58351482201445 53.170483657748925 33.57856489193517 33.34564874146266 45.12403573931305 45.97772372680281 87.66819993299808 135.3776447555015 143.0309991892415 146.16999512771497 54.88462567803789
11.0 17.438837595140214 14.671273372040611 20.287379551228163 12.088663602016613 9.385727606203487 0.0 10.897397446583916 12.02637885547146 23.17640599406034 26.2926820053782 29.439725517241357 33.19428505821239 41.18413307342222 48.46133787327244 52.044728725717185 62.54180569476607 62.92620266901252 66.9675124498059 84.30944487400697 98.75506199742308 96.11403876015083 16.123564348348232 17.761582413865412 21.69122661269512 31.408466711505156 32.000493313249585 35.84824734448418 21.93176377343395 26.379614638425974 27.877923339696054 32.783417405562986 38.180702063501705 43.362978258908335 111.20948821107334 116.3834218117913 120.27983578921803 132.19563590540304 125.39120037485506 25.588785694505916 30.78666475562094 38.53426982833005 44.39280709726451 50.89704579082585 38.20136949873612 75.18479369442608 80.65077301181336 81.79452565362136 80.50041790957215 88.54041375364503 96.40153164325449 91.66426497120597 91.46111479575967 13.68837459040802 13.063225217463362 78.66402182838813 91.3726721521879 92.1673934224998 116.60360057962674 122.50751912149028 87.74020468473408 88.2987870152997 20.19308942840483 16.100897216683713 22.348084978042056 21.888864957510236 30.982685159620715 140.969242453251 57.469842106830285 37.87792333951614 37.64500718956054 49.4233941876399 50.27708217451939 97.05392753961567 144.7633723673722 152.41672680643285 155.5557227439789 59.18398412518541
13.0 18.037798156069023 15.27023393261307 20.8863401114446 12.687624161791955 9.984688166562265 10.897397446583916 0.0 10.069062900834007 23.775366553702707 26.891642566342142 30.038686077225613 33.79324561818796 41.783093633481826 49.06029843350245 52.64368928632166 63.14076625501764 63.52516323003249 67.56647301003736 84.90840543439535 99.3540225577682 96.71299931973451 16.72252490845677 18.36054297413725 22.290187172948833 32.0074272721441 32.59945387368552 36.447207904225536 22.530724333503727 26.978575198495868 28.476883900195574 33.3823779657182 38.779662623850584 43.9619388194067 111.80844877119694 116.98238237114387 120.87879634902848 132.79459646540707 125.99016093241632 26.187746254692414 31.38562531645486 39.13323038839465 44.99176765718059 51.49600635033982 38.800330058899306 75.78375425457929 81.24973357197963 82.39348621354307 81.09937846979376 89.13937431358093 97.00049220358909 92.26322553101846 92.0600753562872 11.731058635782706 11.10590926292804 79.26298238899172 91.97163271261408 92.76635398239955 117.20256113950646 123.10647968093923 88.33916524491215 88.89774757531214 18.23577347380021 14.143581262037705 20.390769023198796 19.931549003023875 29.025369204844985 141.5682029715438 58.068802666748304 38.47688389915865 38.24396775009275 50.02235474741401 50.876042734972515 97.6528880999629 145.36233295397088 153.01568733245173 156.15468329985282 59.782944684984564
16.0 19.1667795649317 16.399215341524993 22.015321520414144 13.816605570663466 11.113669575377797 12.02637885547146 10.069062900834007 0.0 24.90434796284496 28.020623975091915 31.16766748662186 34.922227027490415 42.912075042034715 50.189279842150654 53.772670695116005 64.26974766368659 64.65414463830422 68.69545441908492 86.03738684352129 100.4830039663033 97.84198072947494 17.851506317692568 19.489524382884063 23.419168581678637 33.136408680348225 33.72843528348955 37.57618931377719 23.659705742177678 28.10755660718427 29.60586530898307 34.5113593747204 39.90864403222741 45.09092022815443 112.9374301798556 118.11136378155734 122.00777776028426 133.92357788929178 127.11914234200725 27.31672766354723 32.51460672500058 40.262211797408256 46.12074906602188 52.62498775988648 39.92931146852799 76.91273566390075 82.37871498167318 83.52246762294448 82.22835987877326 90.26835572260666 98.12947361252526 93.39220694060324 93.18905676492952 10.080111986028609 9.454962613151215 80.39196379763294 93.10061412124269 93.89533539125809 118.33154254852786 124.23546108897555 89.46814665395507 90.0267289843498 16.584826823951126 10.492634612293731 16.739822373369922 16.28060235335313 25.374422555045022 142.69718440609145 59.197784075576514 39.605865309113476 39.37294915876459 51.151336156320326 52.00502414475958 98.78186950881005 146.49131435511345 154.144668745302 157.28366469843226 60.91192609454876
18.0 5.737568397719441 8.505132621229732 2.8890264425410974 11.087742391840052 13.790678386829988 23.17640599406034 23.775366553702707 24.90434796284496 0.0 3.1162760123284157 6.263319523819183 10.017879064739653 18.007727079680784 25.284931879921892 28.86832273222527 39.36539970131204 39.749796676443125 43.79110645620622 61.133038880851736 75.57865600359327 72.93763276757721 25.614884287606003 27.25290235270611 31.182546551522684 40.89978665019527 41.49181325221612 45.33956728368534 31.423083712274497 35.87093457744056 37.36924327870537 42.274737345264306 47.67202200265352 52.85429819795521 88.03308221735008 93.20701581960077 97.10342979530998 109.01922991331517 102.21479438263486 35.08010563306913 40.277984694476345 48.025589767041396 53.884127035606824 60.388365729668486 47.69268943661501 52.00838770116192 57.47436701859114 58.618119660238264 57.324011916119986 65.3640077601525 73.22512564986786 68.48785897772753 68.28470880261624 26.56634369784686 25.941194324615303 55.48761583572578 68.19626615874688 68.99098742895518 93.42719458666065 99.33111312768554 64.56379869157428 65.12238102180098 33.07105853562753 28.97886632441423 35.2260540850083 34.76683406448663 43.8606542662083 117.79283644658969 66.96116204554706 47.36924327878472 47.136327128357294 58.91471412663252 59.76840211433789 73.87752154654537 121.58696640531292 129.240320808964 132.3793167540046 68.67530406433798
20.0 8.853844410038826 11.621408633544021 6.005302454831373 14.20401840417724 16.906954399396536 26.2926820053782 26.891642566342142 28.020623975091915 3.1162760123284157 0.0 3.1470435113642123 6.9016030522280305 14.891451067496511 22.16865586731347 25.75204672012582 36.24912368869033 36.6335206636105 40.67483044346274 58.01676286867243 72.46237999150738 69.82135675486852 28.73116029942831 30.36917836472873 34.29882256383927 44.01606266244714 44.60808926458954 48.45584329479438 34.53935972466584 38.98721059033861 40.485519290892356 45.3910133571963 50.788298015066 55.970574210533876 84.91680620547825 90.09073980767182 93.98715378483368 105.90295392304145 99.09851838318905 38.19638164575638 43.39426070602465 51.141865778963776 57.00040304769811 63.50464174295594 50.80896544988591 48.89211168878689 54.35809100619845 55.50184364783951 54.20773590375918 62.24773174801753 70.10884963768194 65.3715829656071 65.16843279089628 29.682619710015047 29.057470337752783 52.3713398234614 65.07999014655593 65.87471141634572 90.31091857420134 96.21483711631618 61.447522679276645 62.00610500936097 36.18733454845828 32.09514233621866 38.34233009714623 37.88311007696514 46.976930278899374 114.67656041687943 70.07743805766773 50.48551929159367 50.25260314102898 62.03099013876524 62.88467812704292 70.76124553408911 118.470690370732 126.12404480309937 129.26304074439037 71.79158007711692
21.0 12.000887921414474 14.768452144711903 9.1523459660968 17.35106191502601 20.05399791077985 29.439725517241357 30.038686077225613 31.16766748662186 6.263319523819183 3.1470435113642123 0.0 3.7545595410205186 11.744407555917864 19.021612356192556 22.605003208943227 33.10208017756162 33.48647715242883 37.5277869325695 54.86971935743717 69.31533648096492 66.67431324299166 31.878203810939176 33.51622187616543 37.44586607457819 47.16310617387438 47.75513277635632 51.60288680668589 37.68640323632382 42.134254101286714 43.63256280284007 48.53805686802407 53.93534152606727 59.11761772187709 81.76976269435988 86.94369629516959 90.84011027297005 102.75591040099765 95.95147484404316 41.34342515720772 46.54130421771502 54.28890928980264 60.14744655968187 66.65168525353012 53.95600896079779 45.74506817746058 51.21104749508254 52.35480013628947 51.06069239260678 59.1006882367263 66.96180612630536 62.22453945417607 62.02138927941653 32.82966322036082 32.204513848177015 49.224296311648786 61.932946635178695 62.727667905126296 87.16387506323117 93.06779360441291 58.30047916801108 58.859061498141735 39.33437805986909 35.242185847703055 41.48937360851347 41.03015358994602 50.12397379027766 111.52951691633571 73.22448156929266 53.63256280110199 53.39964665212983 65.17803364977158 66.03172163762454 67.61420202273342 115.32364687216804 122.97700128649205 126.11599722087492 74.93862358773467
23.0 15.755447462401094 18.523011685819434 12.906905507271585 21.105621456231994 23.8085574516479 33.19428505821239 33.79324561818796 34.922227027490415 10.017879064739653 6.9016030522280305 3.7545595410205186 0.0 7.9898480150249735 15.267052815098548 18.850443667794362 29.347520636870264 29.73191761155408 33.77322739175336 51.115159816393174 65.560776938598 62.9197537026771 35.632763352358204 37.270781417497574 41.20042561656884 50.91766571524157 51.50969231723963 55.35744634826429 41.44096277673939 45.88881364182038 47.38712234348044 52.29261640977306 57.6899010671076 62.87217726293979 78.0152031529206 83.18913675403844 87.08555072964285 99.00135086757896 92.19691531732113 45.09798469818716 50.29586375954371 58.04346883198886 63.902006100841206 70.40624479464292 57.71056850211616 41.99050863605713 47.456487953810715 48.60024059545559 47.30613285152539 55.34612869573344 63.20724658532018 58.469979913318404 58.26682973822577 36.58422276187211 35.95907338934879 45.469736770940095 58.178387094114676 58.973108364276044 83.4093155222063 89.31323406334118 54.54591962718378 55.10450195731221 43.08893759989045 38.99674538865543 45.24393314964384 44.78471312927069 53.878533331421735 107.77495740242769 76.97904111017431 57.387122343096465 57.15420619316693 68.93259319081045 69.7862811783725 63.85964248183774 111.56908733385586 119.22244175796007 122.361437702954 78.69318312878936
24.0 23.745295477346282 26.512859700934605 20.896753521990927 29.095469471476193 31.798405466892557 41.18413307342222 41.783093633481826 42.912075042034715 18.007727079680784 14.891451067496511 11.744407555917864 7.9898480150249735 0.0 7.277204799972237 10.860595652548215 21.3576726214304 21.742069596142933 25.783379376945373 43.125311802367406 57.57092892476393 54.92990568866916 43.6226113672556 45.26062943262555 49.19027363145954 58.907513729884315 59.4995403327307 63.34729436331317 49.4308107921231 53.87866165727508 55.376970358359166 60.2824644242422 65.67974908181004 70.86202527815962 70.02535513879107 75.19928873733792 79.09570271912258 91.01150284684894 84.20706729695519 53.08783271336211 58.28571177457673 66.03331684696265 71.89185411573328 78.39609280985073 65.70041651769759 34.00066062126936 39.4666399387967 40.610392580338086 39.316284836605625 47.356280680477816 55.217398570387196 50.480131898339664 50.27698172332554 44.57407077709243 43.948921404346144 37.4798887557291 50.18853907914091 50.98326034921406 75.41946750689792 81.32338604834888 46.55607161239027 47.1146539420716 51.078785615580216 46.986593403571035 53.233781164644405 52.774561144741625 61.86838134621796 99.78510937966202 84.96888912560453 65.37697035846264 65.1440542082959 76.92244120591542 77.77612919402863 55.86979446688646 103.5792393144979 111.23259372314051 114.37158968705694 86.6830311438408
26.0 31.022500277467568 33.79006450093992 28.17395832248297 36.37267427145548 39.07561026645987 48.46133787327244 49.06029843350245 50.189279842150654 25.284931879921892 22.16865586731347 19.021612356192556 15.267052815098548 7.277204799972237 0.0 3.5833908527852296 14.080467821909632 14.4648647962055 18.506174577252214 35.8481070016184 50.2937241255171 47.65270088704281 50.89981616700573 52.53783423249973 56.46747843162848 66.1847185297458 66.7767451318611 70.62449916256539 56.7080155919013 61.155866456737314 62.65417515825798 67.55966922418993 72.95695388164103 78.13923007780335 62.74815033830083 67.92208393945131 71.8184979170579 83.73429803942723 76.92986250034832 60.365037513159166 65.56291657494577 73.31052164670108 79.1690589161429 85.67329761015844 72.97762131774311 26.72345582142099 32.18943513875015 33.33318778057901 32.03908003674111 40.07907588111144 47.940193770196196 43.20292709851752 42.99977692349073 51.851275576942875 51.22612620466725 30.202683955867798 42.91133427894374 43.706055549176355 68.14226270735097 74.04618124755977 39.27886681251118 39.837449142681905 58.355990414305616 54.2637982035047 60.51098596455162 60.051765944075456 69.1455861462158 92.50790458313256 92.24609392498054 72.65417515784357 72.4212590077754 84.19964600571214 85.05333399351568 48.5925896669726 96.30203451410395 103.95538893030044 107.0943848808785 93.96023594371688
27.0 34.60589113009145 37.37345535352191 31.757349174980092 39.95606512447307 42.659001118985955 52.044728725717185 52.64368928632166 53.772670695116005 28.86832273222527 25.75204672012582 22.605003208943227 18.850443667794362 10.860595652548215 3.5833908527852296 0.0 10.497076969214817 10.88147394351302 14.922783724458395 32.2647161490054 46.71033327303927 44.0693100343841 54.48320701986168 56.12122508499051 60.0508692839761 69.76810938301662 70.360135985074 74.20789001561968 60.29140644499688 64.7392573095077 66.2375660109571 71.14306007754118 76.54034473489925 81.72262093099279 59.16475948628889 64.33869308487759 68.23510706071635 80.15090719049117 73.34647165792369 63.948428365688386 69.1463074274308 76.8939124997922 82.75244976856021 89.25668846222132 76.5610121699888 23.140064968858887 28.606044286116564 29.749796927956226 28.45568918440421 36.49568502844771 44.35680291793402 39.619536245580115 39.41638607034189 55.43466642971859 54.809517056528264 26.619293102997162 39.32794342622314 40.12266469628372 64.55887185472224 70.4627903955897 35.69547595938419 36.25405829041235 61.93938126801087 57.84718905677069 64.09437681729777 63.63515679704295 72.72897699919194 88.92451373154731 95.82948477817877 76.23756601040895 76.00464986116253 87.78303685812773 88.63672484594578 45.009198814186846 92.71864365957819 100.37199808637916 103.51099403537245 97.5436267958759
29.0 45.1029680989625 47.87053232234001 42.25442614386411 50.45314209276348 53.15607808814569 62.54180569476607 63.14076625501764 64.26974766368659 39.36539970131204 36.24912368869033 33.10208017756162 29.347520636870264 21.3576726214304 14.080467821909632 10.497076969214817 0.0 7.953366846096976 4.425706755414457 21.767639179765716 36.213256303521106 33.57223306737717 64.98028398875195 66.61830205395076 70.54794625306923 80.26518635171892 80.85721295386537 84.70496698462003 70.78848341321935 75.23633427849222 76.73464297980767 81.64013704598996 87.03742170361527 92.21969789947451 48.667682518535784 53.84161611301235 57.73803008745817 69.65383022891398 62.84939468212418 74.44550533461678 79.64338439593266 87.3909894684323 93.24952673714809 99.75376543108614 87.05808913881074 20.21195787146874 25.677937188993774 26.821689830641528 17.958612215057734 25.99860805910131 33.85972594874102 29.122459276659406 28.91930910164833 65.9317433988467 65.30659402606945 23.69118600583699 36.399836329295134 37.19455759943693 54.06179488334328 59.96571342523376 25.19839899044202 25.756981320693313 72.43645823662968 68.34426602510307 74.59145378613037 74.13223376600946 83.2260539678469 78.42743672701425 106.3265617465882 86.73464297983645 86.5017268295377 98.28011382726469 99.13380181523115 34.51212184537219 82.22156667863572 89.87492110809312 93.01391707595224 108.04070376522787
30.0 45.4873650730282 48.254929297335536 42.63882311884085 50.837539067465656 53.54047506266966 62.92620266901252 63.52516323003249 64.65414463830422 39.749796676443125 36.6335206636105 33.48647715242883 29.73191761155408 21.742069596142933 14.4648647962055 10.88147394351302 7.953366846096976 0.0 12.379073601315405 29.72100602577776 44.16662314842826 41.525599912115425 65.36468096329332 67.00269902957571 70.93234322867157 80.64958332757493 81.24160992905709 85.08936395983459 71.17288038900313 75.62073125310268 77.1190399544992 82.02453402088659 87.42181867781315 92.60409487389549 56.62104936215857 61.7949829642324 65.69139694305579 77.6071970811378 70.80276152566219 74.82990230920495 80.02778137093938 87.77538644245422 93.63392371193032 100.1381624072616 87.44248611395489 12.25859102536759 17.7245703430391 18.868322984476894 25.911979061164693 33.95197490497033 41.81309279504799 37.07582612281644 36.872675948130606 66.31614037412719 65.69099100100472 15.737819159775444 28.446469483072462 29.241190753115653 62.01516173137111 67.91908027215102 33.15176583651805 33.71034816682658 72.82085521094497 68.72866300034448 74.97585076042583 74.51663074047931 83.61045094217121 86.38080360633188 106.71095872094197 87.11903995427477 86.88612380368426 98.66451080218425 99.51819879025537 42.46548869134574 90.1749335392355 97.82828796339204 100.96728390854139 108.4251007404535
31.0 49.528674854130045 52.29623907751093 46.68013289857929 54.87884884789194 57.58178484322312 66.9675124498059 67.56647301003736 68.69545441908492 43.79110645620622 40.67483044346274 37.5277869325695 33.77322739175336 25.783379376945373 18.506174577252214 14.922783724458395 4.425706755414457 12.379073601315405 0.0 17.341932424453233 31.787549549172393 29.146526309070165 69.40599074383334 71.0440088090541 74.9736530081592 84.69089310695631 85.28291970868997 89.13067373981843 75.21419016841409 79.66204103366482 81.16034973489728 86.06584380108944 91.46312845872046 96.64540465441615 44.24197576183185 49.41590936025344 53.31232334638355 65.22812347541009 58.423687931239634 78.87121208975736 84.06909115114428 91.81669622355354 97.67523349243598 104.17947218626367 91.48379589424496 24.637664627170153 30.103643944562393 31.24739658583892 13.53290545990209 21.572901303909983 29.43401919341016 24.696752521549307 24.4936023464836 70.35745015391703 69.7323007809984 28.116892761317935 40.82554308517532 41.620264354741636 49.636088128392394 55.540006671378386 20.772692235217654 21.33127456555421 76.8621649918042 72.769972780051 79.01716054125812 78.55794052115019 87.6517607231691 74.00173002764382 110.75226850169938 91.1603497348951 90.92743358480544 102.70582058253768 103.55950857044857 30.086415090197896 77.79585993229651 85.44921435434142 88.58821030879554 112.46641052037972
36.0 66.87060727844917 69.63817150202493 64.02206532334029 72.22078127250003 74.92371726778973 84.30944487400697 84.90840543439535 86.03738684352129 61.133038880851736 58.01676286867243 54.86971935743717 51.115159816393174 43.125311802367406 35.8481070016184 32.2647161490054 21.767639179765716 29.72100602577776 17.341932424453233 0.0 14.4456171238586 11.80459388556171 86.74792316841413 88.38594123346667 92.31558543252636 102.03282553163204 102.62485213315853 106.47260616430394 92.55612259299838 97.00397345816715 98.50228215951344 103.40777622543678 108.80506088302782 113.98733707906737 26.90004333781583 32.07397693686812 35.970390916125545 47.886191035638355 41.081755485979066 96.21314451428746 101.4110235753837 109.1586286483197 115.017165916737 121.52140461096303 108.82572831825624 41.979597050656395 47.445576368090066 48.58932900955851 22.248748578802616 30.28874442310552 38.1498623127279 33.41259564001828 33.20944546512791 87.69938257801336 87.0742332056202 45.458825185558766 58.167475508954325 58.96219677892581 32.29415570569274 38.19807424630376 17.54879220624443 18.10737453597005 94.20409741619086 90.11190520431613 96.35909296562787 95.89987294528622 104.99369314729745 56.659797586768455 128.0942009262747 108.50228215968852 108.26936600933797 120.04775300710065 120.90144099476112 38.80225820973487 60.453927500266644 68.10728198153372 71.24627792377669 129.80834294504368
39.0 81.31622440204929 84.08378862542884 78.46768244673686 86.6663983958033 89.36933439031836 98.75506199742308 99.3540225577682 100.4830039663033 75.57865600359327 72.46237999150738 69.31533648096492 65.560776938598 57.57092892476393 50.2937241255171 46.71033327303927 36.213256303521106 44.16662314842826 31.787549549172393 14.4456171238586 0.0 9.470966860561067 101.1935402914269 102.8315583562103 106.76120255550902 116.47844265500275 117.07046925622095 120.9182232869395 107.00173971585622 111.44959058117522 112.94789928287659 117.85339334820378 123.25067800648668 128.4329542022932 24.56641631116055 29.740349913161594 33.63676389197663 45.55256403355514 38.74812847941578 110.65876163723243 115.85664069839774 123.60424577144678 129.46278304024898 135.96702173420516 123.27134544168831 56.425214172950874 61.891193491966575 63.034946133132316 36.694365700164106 44.73436154560686 52.595479433169615 47.8582127639656 47.65506259010926 102.14499970115037 101.51985032834597 59.90444230881923 72.61309263192888 73.40781390229438 29.960528681139085 35.8644472213723 31.994409330430432 32.55299166072418 108.64971453808477 104.55752232682379 110.8047100884346 110.34549006834698 119.43931027034003 54.326170550012165 142.53981804973947 122.9478992826963 122.71498313210901 134.49337013042168 135.34705811825373 53.247875333396195 58.12030050653138 65.77365490820812 68.912650872473 144.2539600684798
40.0 78.67520116434387 81.4427653877756 75.82665920954959 84.02537515808203 86.7283111538628 96.11403876015083 96.71299931973451 97.84198072947494 72.93763276757721 69.82135675486852 66.67431324299166 62.9197537026771 54.92990568866916 47.65270088704281 44.0693100343841 33.57223306737717 41.525599912115425 29.146526309070165 11.80459388556171 9.470966860561067 0.0 98.5525170537709 100.19053511901402 104.12017931790444 113.83741941712091 114.42944601871241 118.27720004968202 104.36071647841601 108.80856734432493 110.30687604518178 115.21237011222041 120.60965476909925 125.79193096470247 15.095449451296648 20.269383053265553 24.16579703130312 36.081597169834666 29.27716161574538 108.0177384004831 113.21561746187568 120.96322253375106 126.82175980276006 133.3259984964913 120.63032220471086 53.784190935632225 59.25017025400024 60.3939228950114 34.05334246307721 42.093338308042895 49.954456199660655 45.2171895278652 45.014039349960285 99.50397646411716 98.87882709120686 57.26341907165214 69.97206939466048 70.7667906645568 20.489561819753412 26.393480360613175 29.353386092788725 29.911968423720577 106.00869130177 101.91649909065383 108.16368685204691 107.7044668316652 116.79828703375321 44.85520369822118 139.89879481153088 120.3068760453541 120.07395989497735 131.85234689335914 132.70603488109114 50.60685209549089 48.649333635010656 56.30268806657836 59.441683981426614 141.61293683103918
42.0 19.877315889637217 17.109751666637425 22.725857844997044 14.527141896076362 11.824205900610538 16.123564348348232 16.72252490845677 17.851506317692568 25.614884287606003 28.73116029942831 31.878203810939176 35.632763352358204 43.6226113672556 50.89981616700573 54.48320701986168 64.98028398875195 65.36468096329332 69.40599074383334 86.74792316841413 101.1935402914269 98.5525170537709 0.0 12.548457885770432 16.47810208488564 26.195342182934063 26.78736878562379 30.635122816331446 5.808199424650367 10.256050289587106 11.754358990813685 16.65985305749856 22.05713771474452 27.239413910749636 113.64796650410386 118.82190010694592 122.71831408348918 134.6341142243844 127.82967866899004 20.375661166489976 25.573540226914034 33.32114530049376 39.17968256925641 45.68392126236175 32.98824497072468 77.62327198816696 83.08925130599644 84.2330039477772 82.93889620357353 90.97889204772392 98.8400099372385 94.10274326521665 93.89959309055769 19.513502052457575 18.888352679666014 81.10250012258155 93.81115044622675 94.60587171605845 119.04207887339598 124.94599741501956 90.1786829789265 90.73726530915894 26.018216890447228 21.926024678693032 28.173212440043216 27.71399241908869 36.8078126212729 143.40772072782045 52.25671757836201 21.75435899093708 21.52144284057409 33.299829838741864 34.1535178267373 99.49240583346835 147.20185065987428 154.8552050946808 157.9942010344019 43.060419776505626
43.0 21.515333954971464 18.74776973173743 24.363875910571622 16.165159961232384 13.462223966103917 17.761582413865412 18.36054297413725 19.489524382884063 27.25290235270611 30.36917836472873 33.51622187616543 37.270781417497574 45.26062943262555 52.53783423249973 56.12122508499051 66.61830205395076 67.00269902957571 71.0440088090541 88.38594123346667 102.8315583562103 100.19053511901402 12.548457885770432 0.0 9.39047267657042 13.646884297790706 14.238910899858988 18.08666493064385 18.356657310430084 22.80450817550912 24.302816876546906 29.208310943041774 34.60559560063921 39.78787179649055 115.28598457005124 120.45991817121178 124.35633214984122 136.27213226872982 129.46769673613858 13.288031758376686 18.485910819695178 26.233515892147068 32.09205316083538 38.596291854905324 20.43978708516896 79.26129005376328 84.72726937126599 85.87102201282212 84.5769142687833 92.61691011309554 100.4780280027212 95.74076133045317 95.53761115538389 21.151520117880747 20.526370744956395 82.74051818818091 95.44916851174794 96.24388978109138 120.68009693932746 126.58401547975524 91.81670104416096 92.37528337427463 27.656234955589007 23.56404274410052 29.81123050457215 29.352010484855384 38.44583068725429 145.045738805264 45.169088170589134 34.30281687685055 34.06990072617598 45.84828772436559 46.70197571232261 101.13042389921182 148.83986874373807 156.49322316003745 159.63221910632433 55.60887766244853
44.0 25.444978153916683 22.67741393010639 28.293520109552393 20.094804160231508 17.391868164826228 21.69122661269512 22.290187172948833 23.419168581678637 31.182546551522684 34.29882256383927 37.44586607457819 41.20042561656884 49.19027363145954 56.46747843162848 60.0508692839761 70.54794625306923 70.93234322867157 74.9736530081592 92.31558543252636 106.76120255550902 104.12017931790444 16.47810208488564 9.39047267657042 0.0 23.037356974476047 23.629383576513618 27.47713760745667 22.286301508864792 26.7341523744896 28.232461076235573 33.13795514165463 38.53523979956718 43.71751599531047 119.21562877036084 124.38956237127945 128.2859763481135 140.20177646257025 133.3973409259518 3.8975590816713166 9.09543814302974 16.84304321545989 22.70158048414901 29.205819178099315 29.830259761889675 83.19093425256594 88.65691356983714 89.8006662115292 88.50655846779892 96.54655431179964 104.40767220146753 99.67040552940261 99.46725535424099 25.081164316747195 24.45601494383375 86.67016238680253 99.37881271030427 100.17353398056265 124.60974113758913 130.51365967891658 95.74634524311303 96.30492757336376 31.585879154778873 27.493686943001364 33.7408747037224 33.281654683833835 42.37547488620841 148.97538300351374 35.77861549372525 38.2324610759117 37.99954492556371 49.77793192353724 50.63161991140756 105.06006809811731 152.76951293213048 160.42286736042269 163.56186330416614 59.53852186146851
46.0 35.16221825336682 32.394654029893566 38.01076020783438 29.812044258978958 27.10910826418836 31.408466711505156 32.0074272721441 33.136408680348225 40.89978665019527 44.01606266244714 47.16310617387438 50.91766571524157 58.907513729884315 66.1847185297458 69.76810938301662 80.26518635171892 80.64958332757493 84.69089310695631 102.03282553163204 116.47844265500275 113.83741941712091 26.195342182934063 13.646884297790706 23.037356974476047 0.0 13.69696374047006 4.439780632832211 32.00354160812957 36.45139247383308 37.949701174802094 42.85519524085655 48.25247989795574 53.43475609418464 128.93286886819274 134.10680246840738 138.00321644728172 149.91901657857562 143.11458102323817 26.93491605618516 32.132795117466515 39.88040019003333 45.738937458784804 52.24317615260056 19.897839925751498 92.90817435151769 98.37415366846032 99.51790631042353 98.22379856639404 106.26379441065706 114.12491230042937 109.38764562834302 109.18449545338687 34.79840441521645 34.173255042801046 96.38740248606415 109.09605280925653 109.89077407939185 134.3269812362705 140.23089977766386 105.46358534223978 106.02216767227043 41.30311925329248 37.2109270417801 43.45811480320766 42.998894782592764 52.09271498581768 158.69262309869393 58.815972468307294 47.94970117455179 47.7167850242661 59.495172022312694 60.34886001035591 114.77730819690578 162.48675303298484 170.14010745001934 173.27910339018638 69.25576196017849
47.0 35.754244855547874 32.98668063146315 38.60278680946483 30.404070861051288 27.701134865794682 32.000493313249585 32.59945387368552 33.72843528348955 41.49181325221612 44.60808926458954 47.75513277635632 51.50969231723963 59.4995403327307 66.7767451318611 70.360135985074 80.85721295386537 81.24160992905709 85.28291970868997 102.62485213315853 117.07046925622095 114.42944601871241 26.78736878562379 14.238910899858988 23.629383576513618 13.69696374047006 0.0 18.136744373340402 32.59556821038032 37.043419074505685 38.54172777658393 43.44722184275282 48.84450650029591 54.026782695059396 129.5248954696023 134.69882906975275 138.5952430505365 150.51104318163976 143.7066076377719 27.526942658390936 32.724821719337136 40.472426791563706 46.33096406091791 52.835202754945 6.200876185242437 93.50020095322373 98.96618027102936 100.10993291239944 98.81582516848236 106.85582101232518 114.7169389023026 109.97967223013141 109.77652205493538 35.39043101816486 34.76528164498072 96.97942908761779 109.6880794112327 110.48280068141987 134.91900783806102 140.8229263797192 106.05561194403859 106.61419427397523 41.89514585547095 37.80295364387989 44.05014140436276 43.5909213846212 52.68474158647291 159.2846497056823 59.4079990698816 48.54172777666696 48.308811625689614 60.08719862431645 60.94088661149934 115.36933479892184 163.07877963400557 170.73213405075055 173.87112999372962 69.84778856153474
48.0 39.60199888542553 36.83443466253351 42.450540841129246 34.25182489180331 31.548888895746536 35.84824734448418 36.447207904225536 37.57618931377719 45.33956728368534 48.45584329479438 51.60288680668589 55.35744634826429 63.34729436331317 70.62449916256539 74.20789001561968 84.70496698462003 85.08936395983459 89.13067373981843 106.47260616430394 120.9182232869395 118.27720004968202 30.635122816331446 18.08666493064385 27.47713760745667 4.439780632832211 18.136744373340402 0.0 36.44332224094989 40.89117310620488 42.38948180756127 47.29497587378036 52.69226053061992 57.87453672677932 133.37264950128713 138.54658310040114 142.44299707850092 154.35879719603696 147.5543616533776 31.374696689069356 36.572575750340604 44.32018082293815 50.17871809102693 56.68295678561757 24.337620558654386 97.34795498429123 102.81393430150924 103.95768694365583 102.66357919943158 110.70357504350103 118.56469293332168 113.82742626084408 113.62427608598219 39.238185049178554 38.6130356758815 100.82718311858731 113.53583344162129 114.33055471200939 138.76676187034525 144.67068041028983 109.90336597483683 110.46194830504632 45.74289988701064 41.65070767459754 47.89789543609923 47.43867541500467 56.5324956179756 163.13240372582914 63.25575310153563 52.38948180754293 52.156565657529626 63.93495265499176 64.78864064314301 119.21708882950381 166.92653366053077 174.57988809478502 177.7188840427973 73.69554259225883
49.0 25.685515314436206 22.91795109106392 28.534057269690173 20.335341320176486 17.632405325166467 21.93176377343395 22.530724333503727 23.659705742177678 31.423083712274497 34.53935972466584 37.68640323632382 41.44096277673939 49.4308107921231 56.7080155919013 60.29140644499688 70.78848341321935 71.17288038900313 75.21419016841409 92.55612259299838 107.00173971585622 104.36071647841601 5.808199424650367 18.356657310430084 22.286301508864792 32.00354160812957 32.59556821038032 36.44332224094989 0.0 4.447850865233356 5.946159566551621 10.851653632685439 16.24893829035244 21.431214486216764 119.45616592975594 124.63009953135412 128.52651350727785 140.4423136328141 133.63787808293762 26.1838605908409 31.38173965192589 39.12934472456126 44.98788199320717 51.492120687041805 38.79644439528287 83.43147141294594 88.89745073068048 90.04120337204958 88.74709562830299 96.78709147200715 104.64820936174303 99.91094268970835 99.70779251459862 25.321701477096063 24.69655210423784 86.91069954721436 99.61934987098581 100.41407114083981 124.85027829764769 130.75419683853906 95.98688240359482 96.54546473379094 31.826416315203772 27.734224103342477 33.98141186348328 33.52219184387602 42.61601204549167 149.2159201653255 58.064917002993404 15.946159566533103 15.71324341652627 27.49163041415557 28.345318401982105 105.3006052586183 153.01005008850862 160.66340453503395 163.8024004516412 37.25222035192716
