0.0 2.0 3.0 4.0 5.0 6.0 11.0 13.0 16.0 18.0 20.0 21.0 23.0 24.0 26.0 27.0 29.0 30.0 31.0 36.0 39.0 40.0 42.0 43.0 44.0 46.0 47.0 48.0 49.0 50.0 51.0 52.0 53.0 54.0 57.0 59.0 61.0 62.0 63.0 65.0 66.0 67.0 68.0 69.0 70.0 73.0 74.0 75.0 76.0 78.0 79.0 80.0 81.0 82.0 83.0 84.0 86.0 87.0 88.0 89.0 90.0 91.0 92.0 94.0 95.0 96.0 97.0 98.0 100.0 101.0 102.0 104.0 105.0 107.0 109.0 110.0 111.0 112.0
2.0 0.0 5.553827066445969 5.553827066976941 11.107654134169533 16.64596970340886 30.223480981020398 39.00739342204121 57.768120105892294 11.193563594950213 16.90170479866995 22.60984600221569 28.317987205983044 29.317987205971228 40.623100746880176 46.39936076384204 53.64936034546487 53.16555179755744 58.66906418941046 69.6846261253226 77.16387050134637 75.21463214168078 27.514681295751593 33.22948619476796 29.76072597747882 36.543274256807265 35.979746902313096 39.3300463852214 29.149356854719553 32.09495373499358 30.773428242226004 33.60203308186675 39.121370507098256 45.03862965897519 80.24330444544682 85.67809939185273 93.50552006909871 91.73363692985878 96.15420439683115 34.53895748750966 37.855956532865974 39.00822902188939 41.83593145419109 43.88010172702779 37.993431284323876 57.18810991251594 59.67890831139764 59.16595070718183 75.07812958389829 76.07812957816671 77.25206992225911 72.06658657394918 72.29630900331054 56.97699262678329 54.2918020642956 60.55722416793765 63.37747099999203 62.109758572219434 81.24330444239362 82.26875592591352 74.61578292634624 75.53390794975923 55.43684720243428 63.73419952401532 68.62678656665128 73.17722270583295 70.03767166602894 98.50321116199767 44.96251559653729 31.777396623248762 31.80147517225153 36.539589806164315 35.878173669743404 74.1524646058146 105.11413597349606 102.57462782010109 102.1209370083747 37.33963827936944
3.0 5.553827066445969 0.0 11.107654133737428 5.553827066940901 11.092142636435913 24.66965391423412 33.45356635486121 52.21429304209013 16.747390661865303 22.455531865572652 28.163673069224053 33.87181427273093 34.871814272965516 46.17692781371784 51.953187829839024 59.20318741503023 58.719378864526874 64.22289125938372 75.23845322732004 82.71769756215858 80.76845920686067 21.96085422903831 27.675659127867853 24.206898910344954 30.98944718983912 30.425919835446834 33.77621931834802 23.59552978782337 26.541126667891916 25.21960117535898 28.048206014635813 33.567543440232804 39.484802592102426 85.79713150443521 91.23192646247497 99.05934711438181 97.2874640250093 101.70803147544655 28.98513042060899 32.30212946631626 33.4544019553255 36.282104387590095 38.326274660612064 32.4396042175844 62.74193697931024 65.232735378713 64.71977777415552 80.6319566609301 81.6319566503146 82.80589698950385 77.62041364212138 77.85013608889079 51.423165560541605 48.737974996592904 66.11105123477353 68.93129806709133 67.6635856396406 86.79713149542545 87.82258297764778 80.16961001762829 81.08773502956711 49.88302013601908 58.18037245877815 63.07295949974177 67.62339563929355 64.48384459871019 104.05703825514678 39.40868852963253 26.22356955618792 26.24764810551261 30.98576273940141 30.324346603268406 79.70629166391092 110.66796304022827 108.12845487336854 107.6747640505852 31.785811212541226
4.0 5.553827066976941 11.107654133737428 0.0 16.661481200826167 22.1997967702603 35.77730804811785 44.56122048788602 63.321947175386704 5.639736527837869 11.347877731723143 17.056018935568588 22.764160139130496 23.76416013907722 35.069273679860714 40.84553369642888 48.095533279075966 47.61172473074861 53.115237116831 64.1307990606397 71.6100434545912 69.66080506570937 33.068508362719484 38.78331326163649 35.3145530442596 42.09710132369385 41.53357396923002 44.88387345223118 34.70318392147934 37.64878080172353 36.32725530899978 39.155860148743194 44.67519757388891 50.59245672601342 74.68947736857906 80.1242723323696 87.95169297683248 86.1798098776016 90.60037732314731 40.09278455416322 43.40978360005698 44.56205608884598 47.38975852133931 49.43392879410983 43.54725835141955 51.63428284566428 54.12508124477023 53.61212364037894 69.52430250221772 70.5243025074927 71.69824286938525 66.51275953428289 66.74248193333757 62.530819692773115 59.84562912994048 55.00339710112523 57.823643933024286 56.5559315052416 75.68947738414755 76.71492885212379 69.06195586508444 69.98008087130799 60.990674270989764 69.28802659052339 74.18061363378698 78.73104977538478 75.5914987290251 92.94938413398413 50.516342663472244 37.33122368987818 37.355302239285194 42.09341687323392 41.4320007370455 68.59863753224397 99.56030889924338 97.0208007654548 96.56710993698837 42.893465346212636
5.0 11.107654134169533 5.553827066940901 16.661481200826167 0.0 5.538315569521462 19.11582684732444 27.899739286484305 46.66046597461515 22.301217728839802 28.009358932487846 33.71750013624478 39.42564133973891 40.42564133964319 51.730754880223735 57.50701489682814 64.7570144795711 64.27320593139095 69.77671832427885 80.79228028424066 88.27152462618716 86.32228626503405 16.407027162113412 22.121832060891485 18.653071843625703 25.435620122878813 24.87209276848713 28.22239225152733 18.041702720931532 20.98729960106328 19.665774108324833 22.494378948147045 28.01371637287533 33.930975525090474 91.35095856539886 96.78575354307907 104.6131741976032 102.841291107013 107.26185853293069 23.43130335386116 26.748302399283773 27.90057488831441 30.7282773205106 32.77244759373346 26.885777150647247 68.29576404630205 70.78656244564745 70.27360484093302 86.18578368773224 87.1857837232265 88.35972406662458 83.17424070655079 83.40396313443472 45.8693384917072 43.18414792914935 71.66487830160406 74.48512513387841 73.21741270588232 92.35095857105732 93.37641004843893 85.72343707069416 86.64156207765146 44.32919307057888 52.62654539189555 57.51913243236835 62.069568574071724 58.93001752750432 109.61086532768037 33.85486146288218 20.669742489096194 20.693821038572658 25.431935672419705 24.770519536167914 85.26011873042194 116.22179008814817 113.68228194528834 113.2285911378843 26.231984145433472
6.0 16.64596970340886 11.092142636435913 22.1997967702603 5.538315569521462 0.0 13.577511277825522 22.36142371758725 41.122150407160845 27.839533298142456 33.547674502112294 39.25581570567035 44.96395690908294 45.96395690921817 57.26907044988572 63.04533046610222 70.2953300492598 69.81152150045591 75.31503389683266 86.33059582912534 93.80984019597716 91.86060185251554 10.868711592686472 16.58351649146506 13.114756274075976 19.89730455345008 19.33377719906636 22.684076682049437 12.503387151439654 15.448984031743107 14.127458538701514 16.95606337843224 22.475400803823206 28.39265995577279 96.88927414308628 102.32406906545698 110.15148974940232 108.37960667395294 112.80017409014667 17.892987784252682 21.20998682996499 22.362259318674077 25.189961751161206 27.234132024141417 21.347461581133928 73.83407961565712 76.32487801494155 75.8119204106037 91.72409927676219 92.72409928075433 93.89803963595946 88.7125562648147 88.94227869027108 40.33102292317526 37.64583235925749 77.20319387101509 80.02344070327683 78.75572827507142 97.88927415414437 98.91472563483515 91.26175263494785 92.17987767120061 38.790877500539665 47.088229821581024 51.98081686460584 56.53125300364363 53.39170196237115 115.14918089852557 28.31654589353021 15.131426919790297 15.155505468931949 19.89362010293006 19.232203966912554 90.79843430785826 121.76010569346852 119.22059751563319 118.76690672288089 20.69366857615276
11.0 30.223480981020398 24.66965391423412 35.77730804811785 19.11582684732444 13.577511277825522 0.0 11.56776218193153 30.32848886505652 41.41704457589521 47.12518577971329 52.83332698312342 58.54146818694778 59.5414681867599 70.84658172750073 76.62284174394884 83.87284133130996 83.38903277791078 88.89254517764068 99.90810712182571 107.38735147961181 105.43811311688245 13.34945067653339 19.064255574387204 15.595495357971291 22.378043637404563 21.81451628382697 25.164815765891923 14.984126234815648 17.92972311556433 16.60819762266936 19.436802462442955 24.956139887542815 30.873399039415872 110.46678541613927 115.90158037435702 123.72900103107213 121.9571179297502 126.37768537701444 20.37372686825038 23.690725912990708 24.84299840213996 27.6707008340031 29.714871107512067 23.828200664131455 87.41159089291838 89.9023892924662 89.38943168805332 105.30161056910526 106.3016105390491 107.47555090576438 102.29006756034343 102.51978993347495 29.53736138662188 26.85217082279662 90.78070514822537 93.6009519803515 92.33323955256765 111.46678541605561 112.49223689569604 104.83926395578912 105.75738895733595 27.997215961167477 36.29456828228275 41.18715532819101 45.737591468936834 42.59804042838699 128.72669216198398 30.797284977215924 17.612166003657237 17.6362445528816 22.374359186767343 21.71294305051176 104.37594556010883 135.33761695782204 132.7981087902014 132.34441799009448 23.174407659861373
13.0 39.00739342204121 33.45356635486121 44.56122048788602 27.899739286484305 22.36142371758725 11.56776218193153 0.0 21.957676878588284 50.20095701615695 55.90909822011554 61.61723942292186 67.32538062748142 68.32538062388724 79.63049416706946 85.40675418415344 92.65675376369563 92.17294522018372 97.67645760975952 108.69201955712234 116.17126391932048 114.22202555268056 22.133363117976593 27.848168014495158 24.379407798276088 31.16195607815615 30.598428724857477 33.948728204916435 23.768038675232944 26.713635554491066 25.39211006285067 28.220714901622202 33.740052327480385 39.65731147901536 119.25069785777052 124.68549281446681 132.5129134717301 130.74103037234283 135.1615978156499 29.157639309706255 32.474638355563876 33.6269108437762 36.45461328141661 38.4987835547697 32.61211310632659 96.19550333389694 98.68630173477958 98.1733441287546 114.08552299549837 115.08552299795883 116.25946334955196 111.0739800059716 111.30370242668306 21.166549397080715 18.481358833159486 99.5646175905591 102.38486441979381 101.11715199373805 120.25069786549544 121.27614933254699 113.62317635478264 114.54130137745383 19.626403974137624 27.923756295959983 32.81634333869266 37.36677947833361 34.22722843528768 137.51060460655194 39.58119742755535 26.39607844295312 26.42015699186726 31.15827162764885 30.49685549085537 113.15985801049518 144.12152939609905 141.5820212296788 141.12833042964954 31.958320100357675
16.0 57.768120105892294 52.21429304209013 63.321947175386704 46.66046597461515 41.122150407160845 30.32848886505652 21.957676878588284 0.0 68.96168370138383 74.66982490947638 80.3779661099882 86.08610731489416 87.08610731379301 98.39122085621153 104.16748086928604 111.4174804522874 110.93367190469849 116.43718429922262 127.45274624437397 134.931990609123 132.98275224434406 40.89408980313018 46.60889470411742 43.14013448551206 49.92268276562284 49.35915541107157 52.7094548951997 42.5287653612701 45.47436224489952 44.15283675022477 46.981441589562884 52.50077901234571 58.418038166239015 138.01142454325026 143.44621950243146 151.27364015940054 149.50175705894634 153.92232450261747 47.91836599823078 51.235365040076914 52.38763753187002 55.215339962312775 57.259510236489305 51.37283979282259 114.9562300193416 117.4470284204231 116.93407081823432 132.84624968912834 133.8462496869211 135.02019003858848 129.83470668420836 130.06442910583394 21.99684752514179 19.31165696112433 118.32534427829651 121.14559110908107 119.87787868146452 139.01142454193956 140.03687602415894 132.38390304083336 133.30202806539077 20.456702102274555 11.320489781635882 16.213076823449192 20.763512963750017 17.62396192027028 156.27133129337807 58.34192410590441 45.15680513277417 45.180883679702085 49.91899831585431 49.25758217540635 131.92058470526703 162.88225608324166 160.3427479172473 159.88905711732295 50.719046787161204
18.0 11.193563594950213 16.747390661865303 5.639736527837869 22.301217728839802 27.839533298142456 41.41704457589521 50.20095701615695 68.96168370138383 0.0 5.708141203711824 11.416282407431302 17.124423611125714 18.124423611134738 29.429537152039064 35.20579716850655 42.45579675012161 41.97198820284197 47.475500601069754 58.491062543127924 65.97030690483642 64.02106853949982 38.70824489069807 44.42304978975024 40.954289571954966 47.73683785167423 47.17331049688796 50.5236099802335 40.342920449568666 43.288517329915024 41.966991837055104 44.79559667650547 50.31493410154319 56.2321932537001 69.04974085086346 74.4845358075292 82.31195645051368 80.54007337888946 84.96064078994026 45.73252108207998 49.049520127596764 50.201792616710165 53.02949504929856 55.0736653220287 49.18699487918557 45.99454631764064 48.48534471696638 47.97238711254139 63.88456598962194 64.88456599010149 66.05850634657538 60.87302299635509 61.10274539758631 68.17055622233012 65.48536565555104 49.36366057309192 52.183907404997655 50.91619497726532 70.04974083615596 71.0751923204407 63.42221933913574 64.34034436411099 66.63041079792774 74.92776312046317 79.82035015953636 84.37078630107504 81.23123525797034 87.30964761641842 56.15607919108202 42.970960218149344 42.99503876743165 47.7331534010758 47.071737264713875 62.95890099045246 93.92057237318667 91.38106422687235 90.92737343727416 48.533201874282796
20.0 16.90170479866995 22.455531865572652 11.347877731723143 28.009358932487846 33.547674502112294 47.12518577971329 55.90909822011554 74.66982490947638 5.708141203711824 0.0 5.7081412037132475 11.416282407443024 12.416282407455887 23.721395948260707 29.49765596486121 36.74765554691062 36.263846999228534 41.76735939737481 52.78292134393407 60.262165706797454 58.312927344351735 44.41638609438716 50.131190993107815 46.66243077564638 53.44497905524125 52.8814517006514 56.23175118358556 46.05106165298388 48.996658533321046 47.675133040635515 50.50373788031249 56.02307530539075 61.94033445756486 63.34159965073084 68.77639459616319 76.60381524743418 74.83193214086859 79.25249962252606 51.440662286092376 54.75766133145065 55.90993382061499 58.73763625253045 60.78180652596532 54.895136083085376 40.286405114216706 42.77720351348519 42.26424590922949 58.176424785113895 59.17642478089796 60.35036513939353 55.16488177690787 55.39460418763905 73.87869742661042 71.19350685979052 43.6555193695085 46.47576620139582 45.20805377367682 64.34159964740886 65.3670511144377 57.71407814430482 58.63220314551634 72.33855200182644 80.63590432320255 85.52849136494751 90.07892750534512 86.93937646124701 81.6015063841103 61.864220395162306 48.679101421452174 48.70317997098202 53.441294604684 52.77987846839004 57.25075978770005 88.21243118382142 85.67292300890908 85.21923218976553 54.24134307767452
21.0 22.60984600221569 28.163673069224053 17.056018935568588 33.71750013624478 39.25581570567035 52.83332698312342 61.61723942292186 80.3779661099882 11.416282407431302 5.7081412037132475 0.0 5.708141203724297 6.708141203784249 18.01325474451328 23.789514761060822 31.03951434182698 30.555705795632562 36.059218191146314 47.07478014757773 54.55402450967236 52.6047861317345 50.124527297901736 55.839332196760985 52.37057197932921 59.15312025877534 58.58959290433364 61.93989238743325 51.75920285654131 54.70479973718342 53.38327424423434 56.21187908376761 61.73121650913172 67.64847566126058 57.63345843120352 63.068253375839376 70.89567404088501 69.1237909492964 73.5443583966636 57.14880348943241 60.46580253487405 61.618075024205254 64.44577745670945 66.48994772939656 60.60327728645004 34.57826391039674 37.06906230998402 36.55610470552796 52.46828357363195 53.46828358317232 54.64222392171895 49.4567405948308 49.68646300012317 79.58683862994013 76.90164806596623 37.94737816593326 40.767624997938945 39.49991257045183 58.63345843582066 59.65890991574862 52.00593693083793 52.92406196361664 78.04669320650142 86.34404552715709 91.23663256797852 95.78706871065907 92.64751766593935 75.8933651848468 67.57236159861253 54.38724262512656 54.41132117453114 59.149435808360465 58.48801967219937 51.54261860981278 82.50428997109668 79.96478181882597 79.5110909901168 59.94948428134439
23.0 28.317987205983044 33.87181427273093 22.764160139130496 39.42564133973891 44.96395690908294 58.54146818694778 67.32538062748142 86.08610731489416 17.124423611125714 11.416282407443024 5.708141203724297 0.0 1.000000000003481 12.305113540856961 18.081373557465824 25.331373140382553 24.84756459187959 30.351076985004575 41.366638933947776 48.845883303748636 46.896644933040335 55.83266850177407 61.54747340032854 58.07871318313562 64.86126146245876 64.29773410774294 67.64803359090794 57.467344060413794 60.41294094067864 59.09141544779389 61.920020287711765 67.43935771277738 73.35661686459886 51.925317236450994 57.36011218457361 65.18753284549446 63.41564976471385 67.83621718441489 62.856944693101504 66.17394373903082 67.32621622770095 70.15391866037409 72.19808893302924 66.311418490114 28.870122706772406 31.360921106138022 30.847963501774096 46.760142365272245 47.76014236741244 48.93408273019138 43.74859935674193 43.97832180370754 85.29497983226322 82.60978926962576 32.23923696227877 35.059483794742164 33.79177136680558 52.92531722994565 53.95076871630047 46.29779573081527 47.21592076138721 83.75483441015939 92.05218673040093 96.94477377525666 101.4952099139398 98.3556588707996 70.18522399343658 73.2805028020812 60.09538382893135 60.11946237812644 64.85757701209342 64.19616087581889 45.83447738025843 76.79614878060197 74.25664058922942 73.80294983586292 65.6576254850375
24.0 29.317987205971228 34.871814272965516 23.76416013907722 40.42564133964319 45.96395690921817 59.5414681867599 68.32538062388724 87.08610731379301 18.124423611134738 12.416282407455887 6.708141203784249 1.000000000003481 0.0 11.305113540822719 17.081373557385966 24.331373140377845 23.847564591936248 29.351076986431273 40.36663893285059 47.845883295154195 45.896644934178916 56.83266850154084 62.54747340019598 59.07871318314305 65.8612614621692 65.29773410797351 68.64803359080969 58.46734406049538 61.41294094058355 60.09141544776921 62.92002028757548 68.43935771268761 74.35661686476814 50.9253172269813 56.36011217985498 64.18753286391114 62.41564973659051 66.83621721790732 63.85694469323904 67.1739437389029 68.32621622774613 71.15391866020926 73.19808893298676 67.31141849022227 27.87012270682624 30.36092110615171 29.84796350180072 45.760142372714824 46.760142375098184 47.9340827291162 42.748599376854536 42.9783217846257 86.2949798373545 83.60978926837609 31.239236962256943 34.05948379481091 32.79177136627279 51.92531724477667 52.95076870452533 45.297795723715176 46.21592075185097 84.75483441134713 93.05218673009536 97.94477377177036 102.49520991434937 99.35565887116168 69.18522397203505 74.28050280239421 61.09538382881279 61.11946237810845 65.85757701188287 65.19616087575028 44.834477390896566 75.79614878052189 73.25664061191291 72.80294978977663 66.65762548502954
26.0 40.623100746880176 46.17692781371784 35.069273679860714 51.730754880223735 57.26907044988572 70.84658172750073 79.63049416706946 98.39122085621153 29.429537152039064 23.721395948260707 18.01325474451328 12.305113540856961 11.305113540822719 0.0 5.776260016513599 13.026259599116973 12.542451050639713 18.045963447203867 29.061525396324658 36.54076975607029 34.59153139363906 68.13778204222427 73.85258694104823 70.383826723619 77.1663750031278 76.60284764860899 79.95314713174608 69.772457600957 72.71805448113233 71.39652898835668 74.22513382815552 79.74447125328646 85.66173040538929 39.62020369260712 45.05499864673564 52.8824193052241 51.110536205254256 55.53110364911432 75.16205823366299 78.47905727958441 79.63132976834913 82.45903220082272 84.50320247365602 78.6165320308242 16.565009164818996 19.05580756534438 18.542849960947365 34.45502882711364 35.45502884081571 36.628969191786936 31.44348583101205 31.67320824200923 97.60009337350112 94.9149028091712 19.93412342182394 22.754370253812073 21.486657825248045 40.62020369176669 41.64565517028623 33.99268219674441 34.910807209907155 96.0599479510922 104.35730027205841 109.24988731555563 113.80032345557416 110.66077241153681 57.88011043883946 85.58561634274659 72.40049736922212 72.4245759186903 77.1626905526523 76.50127441641392 33.52936384676439 64.49103522950826 61.95152706131429 61.49783626399118 77.96273902534143
27.0 46.39936076384204 51.953187829839024 40.84553369642888 57.50701489682814 63.04533046610222 76.62284174394884 85.40675418415344 104.16748086928604 35.20579716850655 29.49765596486121 23.789514761060822 18.081373557465824 17.081373557385966 5.776260016513599 0.0 7.249999581895542 6.766191035146664 12.269703430590646 23.285265380000695 30.764509740343975 28.815271376665308 73.91404205845964 79.62884695726646 76.16008674002148 82.94263501944472 82.37910766505729 85.72940714830072 75.54871761748251 78.4943144975841 77.17278900481514 80.0013938443843 85.5207312696269 91.43799042151144 33.8439436759978 39.278738630450064 47.10615928857318 45.33427618883951 49.75484363258477 80.93831825042284 84.25531729601943 85.40758978471105 88.2352922173123 90.27946248968696 84.39279204715504 10.788749149526161 13.279547547929356 12.766589944902762 28.678768817537463 29.67876881515007 30.852709174915958 25.667225820037448 25.896948231440124 103.3763533874683 100.69116282486556 14.157863404221077 16.978110237195178 15.71039780965898 34.84394367556808 35.86939515426125 28.21642217889377 29.13454719790871 101.83620796755218 110.13356028769363 115.02614732881655 119.5765834697795 116.43703242623991 52.103850423556906 91.36187635933035 78.17675738564097 78.2008359350061 82.93895056899882 82.27753443261997 27.75310383375146 58.71477521159623 56.17526704877888 55.721576246990125 83.73899904179211
29.0 53.64936034546487 59.20318741503023 48.095533279075966 64.7570144795711 70.2953300492598 83.87284133130996 92.65675376369563 111.4174804522874 42.45579675012161 36.74765554691062 31.03951434182698 25.331373140382553 24.331373140377845 13.026259599116973 7.249999581895542 0.0 10.556435711745847 5.019703848331082 16.035265795957923 23.514510154265793 21.565271798580852 81.1640416409847 86.878846541125 83.41008632190423 90.19263460150502 89.62910724765138 92.97940673097875 82.79871719961403 85.74431407942387 84.42278858630425 87.25139342727621 92.77073085216577 98.68799000367052 26.593944094125614 32.0287390521342 39.856159710153044 38.08427660677922 42.50484404677458 88.18831782983226 91.50531687959477 92.65758936664412 95.48529180013635 97.52946207299638 91.64279162944145 14.578993825907354 17.069792226164 16.55683462113523 21.42876923582249 22.428769235857224 23.602709591811703 18.417226241133665 18.646948663607784 110.62635297045722 107.94116240315869 17.948108081693157 20.76835491376042 19.500642486043866 27.59394409187497 28.61939557288949 20.96642259482969 21.884547614725662 109.08620754741867 117.38355986826966 122.27614690863834 126.82658305257985 123.68703200914932 44.85385084392679 98.61187594173906 85.42675696729714 85.45083551720384 90.18895015060124 89.52753401675139 20.503104255540748 51.464775624570684 48.92526745970093 48.471576662920285 90.98899862426549
30.0 53.16555179755744 58.719378864526874 47.61172473074861 64.27320593139095 69.81152150045591 83.38903277791078 92.17294522018372 110.93367190469849 41.97198820284197 36.263846999228534 30.555705795632562 24.84756459187959 23.847564591936248 12.542451050639713 6.766191035146664 10.556435711745847 0.0 15.576139561332411 26.591701512723553 34.07094586854419 32.121707509528235 80.68023309297325 86.3950379919857 82.92627777463922 89.70882605388616 89.14529869946318 92.4955981826982 82.3149086516716 85.26050553220645 83.9389800391683 86.76758487903037 92.28692230397812 98.2041814562775 37.15037980656809 42.58517475805297 50.412595417796645 48.64071231847251 53.06127976217787 87.70450928434434 91.02150833029455 92.17378081906904 95.00148325130648 97.04565352420666 91.15898308171342 4.022558114643588 6.513356514378678 6.000398909692027 31.985204947356664 32.985204946823586 34.15914530190406 28.973661948168484 29.203384366834776 110.14254442555693 107.45735385731079 7.391672370363765 10.211919203005438 8.94420677415132 38.1503798114198 39.175831287442094 31.52285830568941 32.4409833270516 108.60239900169233 116.89975132270791 121.7923383673148 126.34277450537891 123.2032234614473 55.41028655305085 98.128067393646 84.94294842017811 84.96702696944828 89.70514160335455 89.04372546713694 31.059539961527022 62.02121134150565 59.48170317506549 59.02801237288914 90.50519007622287
31.0 58.66906418941046 64.22289125938372 53.115237116831 69.77671832427885 75.31503389683266 88.89254517764068 97.67645760975952 116.43718429922262 47.475500601069754 41.76735939737481 36.059218191146314 30.351076985004575 29.351076986431273 18.045963447203867 12.269703430590646 5.019703848331082 15.576139561332411 0.0 11.01556195052051 18.494806308055594 16.545567943410305 86.18374548978635 91.89855038851199 88.42979017473925 95.21233844271755 94.64881109493473 97.99911057782427 87.81842104839788 90.76401792972942 89.44249243254193 92.27109727449016 97.79043469987465 103.70769385317345 21.57424024530749 27.009035202214946 34.83645585082122 33.06457276522701 37.48514020530268 93.20802167773178 96.52502072973061 97.67729321401269 100.5049956515983 102.54916592176237 96.66249548071232 19.598697675489493 22.089496075166686 21.576538470989735 16.40906538847504 17.40906538469408 18.583005742912718 13.397522386415812 13.62724480767353 115.64605681520834 112.96086625410015 22.96781193086676 25.78805876211034 24.520346336358692 22.57424024490972 23.59969172365524 15.94671874543867 16.864843765691145 114.10591139556975 122.40326371627285 127.29585075969582 131.84628689994975 128.7067358561962 39.83414699145622 103.63157978742512 90.44646081546253 90.47053936890126 95.20865400476734 94.54723786923651 15.483400400831938 46.44507178066294 43.905563622485786 43.45187281286599 96.00870247253785
36.0 69.6846261253226 75.23845322732004 64.1307990606397 80.79228028424066 86.33059582912534 99.90810712182571 108.69201955712234 127.45274624437397 58.491062543127924 52.78292134393407 47.07478014757773 41.366638933947776 40.36663893285059 29.061525396324658 23.285265380000695 16.035265795957923 26.591701512723553 11.01556195052051 0.0 7.4792443598302265 5.530005996962617 97.19930743022101 102.91411233643734 99.44535211846016 106.22790039812321 105.66437304816037 109.01467252827895 98.83398299569762 101.77957987800409 100.45805438124329 103.28665922285893 108.80599664878403 114.72325580079362 10.558678296354564 15.993473253298237 23.820893912872688 22.049010800283323 26.46957825448347 104.22358362990511 107.54058267565216 108.6928551661093 111.52055759165702 113.56472787061685 107.67805742310219 30.61425962588725 33.10505802668951 32.59210041730648 17.228554336039508 18.228554336081586 19.402494692391087 14.217011339911373 14.446733755960903 126.66161876184646 123.97642819828013 33.98337387946316 36.803620712893654 35.5359082818739 11.558678296396161 12.584129774875821 10.042670089933637 10.960795110011599 125.12147334319195 133.41882565715363 138.31141270833334 142.86184884653363 139.72229779837963 28.818585047612622 114.64714173847642 101.46202276330801 101.48610131844089 106.224215945233 105.56279981557446 16.30288935445454 35.42950984506988 32.89000166746634 32.436310867525336 107.02426442195141
39.0 77.16387050134637 82.71769756215858 71.6100434545912 88.27152462618716 93.80984019597716 107.38735147961181 116.17126391932048 134.931990609123 65.97030690483642 60.262165706797454 54.55402450967236 48.845883303748636 47.845883295154195 36.54076975607029 30.764509740343975 23.514510154265793 34.07094586854419 18.494806308055594 7.4792443598302265 0.0 9.545598634921667 104.67855179652267 110.39335669903426 106.92459647689407 113.70714475654634 113.14361740641823 116.49391689191236 106.31322735797399 109.2588242353695 107.93729874620014 110.76590358429576 116.28524100635637 122.20250016396166 14.574270933994868 20.009065890392915 27.836486543932065 26.06460344498715 30.485170884653307 111.70282799428969 115.01982703529637 116.1720995207346 118.9998019538029 121.04397222403999 115.1573017878386 38.09350398723565 40.584302387125646 40.071344778236195 24.707798695905282 25.707798696161817 26.881739052240153 21.696255699960936 21.92597811730431 134.14086312356747 131.45567256062495 41.46261824163794 44.28286507476206 43.015152641333984 15.57427093408978 16.59972241252125 17.521914449840587 18.440039469933076 132.60071770390553 140.89807002669005 145.79065706215172 150.34109320569547 147.20154216318605 32.8341776771332 122.12638610496032 108.94126713047811 108.9653456744616 113.7034603092676 113.04204417964482 23.782133712581597 39.445102460313755 36.90559430311013 36.45190351351038 114.50350877553355
40.0 75.21463214168078 80.76845920686067 69.66080506570937 86.32228626503405 91.86060185251554 105.43811311688245 114.22202555268056 132.98275224434406 64.02106853949982 58.312927344351735 52.6047861317345 46.896644933040335 45.896644934178916 34.59153139363906 28.815271376665308 21.565271798580852 32.121707509528235 16.545567943410305 5.530005996962617 9.545598634921667 0.0 102.72931343643624 108.44411833283169 104.97535811822824 111.75790639588207 111.1943790404373 114.54467852343251 104.36398899314295 107.30958587473076 105.98806038152928 108.8166652222499 114.33600264781757 120.25326179460586 5.0286722993594015 10.46346725959162 18.290887901360048 16.51900481386227 20.93957226069196 109.75358962706173 113.07058867213465 114.22286115772263 117.05056359601632 119.09473386621355 113.20806342237418 36.14426561844734 38.63506401941787 38.122106417367675 22.758560333605296 23.758560332671593 24.932500689092084 19.747017337569865 19.97673975361982 132.19162476560663 129.50643420220052 39.51337987776914 42.33362670691867 41.065914285588974 6.02867229938607 7.054123778068696 15.5726760867391 16.490801107021454 130.6514793328295 138.94883166151038 143.84141870337328 148.39185483960284 145.2523037960941 23.288579047161853 120.17714773368776 106.99202875951305 107.01610731325331 111.75422194045825 111.09280581019912 21.832895349682964 29.899503823556806 27.359995665087915 26.90630486536663 112.55427041617648
42.0 27.514681295751593 21.96085422903831 33.068508362719484 16.407027162113412 10.868711592686472 13.34945067653339 22.133363117976593 40.89408980313018 38.70824489069807 44.41638609438716 50.124527297901736 55.83266850177407 56.83266850154084 68.13778204222427 73.91404205845964 81.1640416409847 80.68023309297325 86.18374548978635 97.19930743022101 104.67855179652267 102.72931343643624 0.0 10.159335488087562 6.690575270555151 13.47312354991667 12.90959619555554 16.259895678551583 1.6346755587458222 4.580272439053157 3.25874694617779 6.08735178623073 11.606689211088403 17.523948363473163 107.75798573173185 113.1927806918059 121.02020134408536 119.24831825205023 123.6688856837859 11.468806780856951 14.785805826227467 15.938078315271516 18.76578074793713 20.809951020805247 14.923280577992447 84.70279120794288 87.19358960738927 86.68063200318483 102.59281088540045 103.59281086583358 104.76675123557325 99.58126788285341 99.81099028661106 40.102962319347796 37.41777175786011 88.07190546344953 90.89215229563595 89.62443986749093 108.75798573310898 109.78343721561072 102.13046423611762 103.04858925958166 38.56281689922448 46.86016922226462 51.75275626386413 56.303192403108966 53.163641360847755 126.01789248144097 21.8923648899295 4.262715327104157 4.286793876564416 9.02490851024186 8.363492374047771 101.66714586528182 132.62881726896399 130.08930910225683 129.63561830263174 9.824956983331715
43.0 33.22948619476796 27.675659127867853 38.78331326163649 22.121832060891485 16.58351649146506 19.064255574387204 27.848168014495158 46.60889470411742 44.42304978975024 50.131190993107815 55.839332196760985 61.54747340032854 62.54747340019598 73.85258694104823 79.62884695726646 86.878846541125 86.3950379919857 91.89855038851199 102.91411233643734 110.39335669903426 108.44411833283169 10.159335488087562 0.0 6.942585407669183 3.313788062042932 2.750260707538597 6.100560190548923 11.794011046877472 14.739607926809033 13.418082434263088 16.24668727399814 21.766024699099308 27.683283851456288 113.47279063426357 118.90758558958923 126.73500624261276 124.96312314524909 129.3836905949835 11.720816917226152 15.037815962976346 16.190088451805174 19.017790884248114 21.06196115713427 4.7639450896980104 90.41759610669234 92.908394505851 92.39543690176211 108.30761576875028 109.30761578189264 110.48155612459576 105.2960727874653 105.52579522210286 45.817767220791445 43.13257665725208 93.78671036224426 96.60695719417993 95.33924476600713 114.47279063083154 115.49824211246853 107.8452691370524 108.76339415553713 44.27762179859876 52.57497411892538 57.467561161627586 62.01799730067121 58.87844625816675 131.73269738325874 22.144375026281534 14.42205081514216 14.446129364500154 19.184243998360277 18.522827862135486 107.38195077942785 138.34362217148407 135.80411400641486 135.35042320375308 19.984292471284572
44.0 29.76072597747882 24.206898910344954 35.3145530442596 18.653071843625703 13.114756274075976 15.595495357971291 24.379407798276088 43.14013448551206 40.954289571954966 46.66243077564638 52.37057197932921 58.07871318313562 59.07871318314305 70.383826723619 76.16008674002148 83.41008632190423 82.92627777463922 88.42979017473925 99.44535211846016 106.92459647689407 104.97535811822824 6.690575270555151 6.942585407669183 0.0 10.256373469119662 9.692846114666665 13.043145597672476 8.325250829463009 11.270847709348349 9.949322216807065 12.777927056543149 18.29726448159739 24.214523633706563 110.00403041722132 115.43882537438637 123.26624603195104 121.49436292376558 125.91493036817204 4.778231510061144 8.095230555748888 9.247503044852783 12.075205476986167 14.119375749975799 11.706530496849462 86.94883588924097 89.43963428867801 88.92667668433482 104.83885555648692 105.83885556298941 107.01279592442569 101.82731253937547 102.0570349607022 42.34900700892902 39.66381644164617 90.31795014458945 93.13819697669284 91.87048454868108 111.00403041460017 112.02948189436233 104.37650892634801 105.29463393986714 40.80886158554891 49.10621390457633 53.99880094641995 58.54923708604912 55.409686044181356 128.2639371645949 15.201789619128803 10.953290597654568 10.977369147037946 15.71548378081281 15.054067644570354 103.91319055903028 134.874861953078 132.33535378906964 131.88166298790645 16.51553225388848
46.0 36.543274256807265 30.98944718983912 42.09710132369385 25.435620122878813 19.89730455345008 22.378043637404563 31.16195607815615 49.92268276562284 47.73683785167423 53.44497905524125 59.15312025877534 64.86126146245876 65.8612614621692 77.1663750031278 82.94263501944472 90.19263460150502 89.70882605388616 95.21233844271755 106.22790039812321 113.70714475654634 111.75790639588207 13.47312354991667 3.313788062042932 10.256373469119662 0.0 3.2565635686109218 2.78677212851714 15.107799108794342 18.053395989004567 16.731870496206014 19.5604753361647 25.079812761144204 30.99707191314968 116.78657869447758 122.22137364833078 130.0487943091166 128.27691120968814 132.6974786533562 15.034604979268735 18.351604024982773 19.50387651398769 22.331578946393464 24.37574921906828 5.270247950786745 93.73138416892496 96.2221825681201 95.70922496406968 111.62140383258844 112.62140383860009 113.7953442023298 108.6098608432681 108.83958326212587 49.13155528508732 46.446364717842194 97.10049842418636 99.92074525652978 98.65303282827173 117.78657869382894 118.81203017117313 111.1590571912021 112.07718221162088 47.59140985962016 55.88876218140214 60.78134922592419 65.33178536354018 62.192234318617544 135.0464854425173 25.458163088560394 17.735838877096676 17.759917426536223 22.498032060419575 21.83661592407 110.69573883437211 141.6574102324914 139.11790206588486 138.66421126935384 23.2980805332841
47.0 35.979746902313096 30.425919835446834 41.53357396923002 24.87209276848713 19.33377719906636 21.81451628382697 30.598428724857477 49.35915541107157 47.17331049688796 52.8814517006514 58.58959290433364 64.29773410774294 65.29773410797351 76.60284764860899 82.37910766505729 89.62910724765138 89.14529869946318 94.64881109493473 105.66437304816037 113.14361740641823 111.1943790404373 12.90959619555554 2.750260707538597 9.692846114666665 3.2565635686109218 0.0 6.0433356971305665 14.544271754261912 17.489868634637297 16.168343141736553 18.996947981624658 24.516285406641657 30.4335445586944 116.22305134128734 121.65784629823794 129.4852669551192 127.71338385388947 132.13395129696937 14.471077624769919 17.78807667052252 18.940349159409635 21.768051591685936 23.81222186483476 2.01368438214388 93.16785681447459 95.65865521383078 95.14569760909848 111.05787647698273 112.05787647995493 113.23181683432611 108.04633349487543 108.27605589424616 48.568027928707636 45.882837365380944 96.5369710696803 99.3572179016039 98.08950547423873 117.22305133974004 118.24850281884082 110.59552983928432 111.51365486414454 47.02788250536306 55.32523482725408 60.21782187094408 64.76825801275017 61.62870696562691 134.48295808997497 24.894635733908657 17.17231152268684 17.19639007193898 21.934504705850777 21.27308856967195 110.1322115035421 141.09388287862055 138.55437471210217 138.10068391463955 22.734553178878592
48.0 39.3300463852214 33.77621931834802 44.88387345223118 28.22239225152733 22.684076682049437 25.164815765891923 33.948728204916435 52.7094548951997 50.5236099802335 56.23175118358556 61.93989238743325 67.64803359090794 68.64803359080969 79.95314713174608 85.72940714830072 92.97940673097875 92.4955981826982 97.99911057782427 109.01467252827895 116.49391689191236 114.54467852343251 16.259895678551583 6.100560190548923 13.043145597672476 2.78677212851714 6.0433356971305665 0.0 17.89457123734075 20.84016811749596 19.518642624734937 22.34724746448832 27.866584889655627 33.783844041731676 119.57335082580424 125.00814577743878 132.83556644129428 131.06368333644977 135.4842507814048 17.82137710784298 21.138376153656477 22.29064864234573 25.118351074854992 27.162521347529523 8.057020079289513 96.51815629743493 99.00895469678738 98.49599709224901 114.40817596738874 115.40817597044176 116.58211632668083 111.39663297756434 111.62635539351692 51.918327412072294 49.23313684897949 99.88727055281595 102.70751738463053 101.43980495696849 120.57335082517636 121.59880230258133 113.94582932244354 114.86395434276297 50.378181989470896 58.67553431140041 63.56812135209947 68.11855749158326 64.97900644966438 137.83325757259357 28.244935216901638 20.522611005691797 20.54668955507612 25.284804188990186 24.62338805264521 113.48251097138592 144.4441823610014 141.90467419505387 141.4509833957481 26.084852661903803
49.0 29.149356854719553 23.59552978782337 34.70318392147934 18.041702720931532 12.503387151439654 14.984126234815648 23.768038675232944 42.5287653612701 40.342920449568666 46.05106165298388 51.75920285654131 57.467344060413794 58.46734406049538 69.772457600957 75.54871761748251 82.79871719961403 82.3149086516716 87.81842104839788 98.83398299569762 106.31322735797399 104.36398899314295 1.6346755587458222 11.794011046877472 8.325250829463009 15.107799108794342 14.544271754261912 17.89457123734075 0.0 2.945596880180628 1.6240713873437702 4.452676227223806 9.972013652326913 15.889272804562998 109.3926612951889 114.82745625344951 122.65487690503355 120.88299380496485 125.30356124582224 13.103482339407481 16.4204813850437 17.57275387413829 20.400456306807932 22.444626579606513 16.557956136451644 86.33746676649929 88.82826516602057 88.3153075615335 104.22748643600929 105.22748644794481 106.40142679100944 101.21594344896508 101.44566580979648 41.73763788232981 39.05244731758642 89.70658102228722 92.52682785475696 91.25911542641134 110.39266129260838 111.41811276930352 103.76513978987111 104.6832648174412 40.19749245677639 48.494844778690585 53.38743181878894 57.93786796282191 54.79831691992814 127.65256804369221 23.527040448840083 2.6280397684680215 2.652118317752683 7.390232951554851 6.728816815266574 103.30182148904296 134.26349282938816 131.7239846650286 131.27029386826138 8.190281424567932
