0.0 2.0 3.0 4.0 5.0 6.0 11.0 13.0 16.0 18.0 20.0 21.0 23.0 24.0 26.0 27.0 29.0 30.0 31.0 36.0 39.0 40.0 42.0 43.0 44.0 46.0 47.0 48.0 49.0 50.0 51.0 52.0 53.0 54.0 57.0 59.0 61.0 62.0 63.0 65.0 66.0 67.0 68.0 69.0 70.0 73.0 74.0 75.0 76.0 78.0 79.0 80.0 81.0 82.0 83.0 84.0 86.0 87.0 88.0 89.0 90.0 91.0 92.0 94.0 95.0 96.0 97.0 98.0 100.0 101.0 102.0 104.0 105.0 107.0 109.0 110.0 111.0 112.0
2.0 0.0 4.858219802005401 4.893748300107672 9.434077597857362 14.097307829712541 28.22794817669144 29.205253253001633 30.921308041892402 9.763960769796533 14.744755771027672 19.705389759125367 25.061912741887557 33.85551478902275 44.42678062145648 49.6592851322776 63.10042463748356 63.442868100722606 69.08726583454413 90.83618773681263 107.04373609362332 105.66839458371618 31.450616477678707 35.22141220892723 38.64544469584544 51.520871624472505 51.835118893783694 57.88996071711891 38.656365326023405 45.161777214436626 46.01267236441969 52.93088536923756 59.68622479405863 66.0741486769194 123.06332084556013 129.60821361799378 135.31047359817575 146.60236772759225 141.55725908150384 44.48352458242961 51.62821357613426 60.23571224946939 67.85564401345115 75.90461595305689 59.526840747627546 78.97959794472798 86.43217503353932 87.11781021979564 86.93760415187975 95.8004867737833 104.70895026140442 98.78843755709042 98.58151612439045 33.7187587883649 34.220599339523744 84.95196568751538 101.19834821943076 101.75559070268977 130.537292908113 138.51909665225645 96.03180626065007 96.39786422268432 42.483095010395694 36.461553326410154 43.740107596925 39.94891578136465 53.31992411478703 159.405315887768 84.07594817233829 56.01267236405859 55.841261757658806 70.99764725529181 71.574145274301 105.95348503540984 164.56564689253457 174.44753596790247 176.15109641659112 81.00007578526235
3.0 4.858219802005401 0.0 9.75196810113296 4.575857797016598 9.239088028882106 23.36972837480936 24.347033451938106 26.06308824026439 14.622180570346682 19.602975571775012 24.563609559609247 29.920132542755077 38.713734589855314 49.285000422514685 54.51750493320579 67.95864443844935 68.30108790140582 73.94548563569163 95.69440753608723 111.90195589554338 110.52661438481398 26.592396677064592 30.363192407978076 33.787224895042065 46.66265182449338 46.97689909237089 53.031740914352056 33.798145525147206 40.303557413079005 41.154452563477705 48.072665569213676 54.82800499358551 61.21592887623419 127.92154064662537 134.46643341870845 140.16869339958532 151.4605875499529 146.41547887103212 39.62530478169852 46.76999377502072 55.377492449513866 62.99742421207323 71.04639615208889 54.668620946589186 83.8378177457931 91.29039483388291 91.97603002036672 91.79582395224371 100.6587065740544 109.56717006286098 103.64665735779745 103.43973592467874 28.860538986884386 29.362379538069675 89.81018548909678 106.05656802027008 106.61381050355598 135.3955127080802 143.3773164522756 100.89002606182102 101.25608402341477 37.62487520922989 31.603333526034163 38.88188779479066 35.09069598060125 48.46170431290983 164.2635356833504 79.21772837134993 51.154452563303224 50.98304195671764 66.13942745505884 66.71592547323215 110.81170483732876 169.42386672933614 179.30575576471077 181.00931620133514 76.14185598587474
4.0 4.893748300107672 9.75196810113296 0.0 14.327825898175561 18.99105613018264 33.121696475894105 34.09900155293232 35.81505634141632 4.870212469201016 9.851007470676194 14.811641458713359 20.168164441227624 28.96176648892015 39.53303232122491 44.7655368319393 58.206676336761305 58.54911980003149 64.19351753441079 85.94243943543603 102.14998779293313 100.7746462836808 36.34436477836868 40.11516050940442 43.53919299666692 56.41461992563464 56.728867193546556 62.78370901800043 43.55011362681439 50.05552551488131 50.90642066473049 57.824633670261235 64.57997309424492 70.96789697797983 118.16957254498854 124.71446532141934 130.41672529813738 141.70861943724384 136.66351076263234 49.37727288344257 56.52196187710224 65.12946055119686 72.74939231399442 80.79836425207124 64.42058904720218 74.08584964415668 81.53842673310109 82.22406191956091 82.04385585099303 90.90673847313546 99.81520196228095 93.89468925656516 93.68776782374476 38.61250708778175 39.11434763962282 80.05821738689085 96.30459991891469 96.86184240252463 125.64354460726858 133.62534834902752 91.13805796024425 91.50411592215707 47.37684331149484 41.355301627188815 48.63385589693184 44.84266408260309 58.21367241487285 154.51156758130097 88.96969647170116 60.906420664676716 60.735010057897156 75.89139555621435 76.46789357457617 101.05973673565501 159.67189862922584 169.55378765198742 171.25734809431663 85.89382408654532
5.0 9.434077597857362 4.575857797016598 14.327825898175561 0.0 4.663230231869515 18.793870577915577 19.77117565467529 21.48723044312571 19.19803836747971 24.17883336881969 29.139467356757436 34.495990339888536 43.28959238687956 53.86085821967595 59.09336272971639 72.53450223470492 72.87694569865343 78.52134343266977 100.27026533321255 116.47781369206174 115.10247218030133 22.016538880231636 25.787334610545678 29.21136709832862 42.086794026817415 42.40104129521122 48.4558831185985 29.222287728245345 35.72769961586291 36.57859476658592 43.49680777132562 50.252147195708616 56.6400710798492 132.49739844213377 139.04229121620938 144.7445511961115 156.03644535104883 150.99133667925378 35.04944698489814 42.19413597876242 50.801634652353094 58.42156641569181 66.47053835326115 50.09276314925018 88.41367554235107 95.86625263108637 96.55188781739692 96.37168174914666 105.23456437064218 114.14302785883808 108.2225151538538 108.015593721372 24.28468119010597 24.786521741110597 94.3860432854954 110.63242581668837 111.18966830050108 139.97137050464053 147.95317424909365 105.46588385755595 105.83194181978541 33.0490174125356 27.027475728972128 34.30602999892202 30.51483818394575 43.88584651720786 168.839393491188 74.64187057501294 46.578594766331804 46.407184159765464 61.563569658400276 62.140067676426185 115.38756263323958 173.9997245105331 183.88161355695195 185.58517400387808 71.56599818773805
6.0 14.097307829712541 9.239088028882106 18.99105613018264 4.663230231869515 0.0 14.130640346090598 15.107945423129783 16.824000211422778 23.861268599199573 28.84206360055299 33.80269758850204 39.159220571532416 47.952822618682646 58.5240884514525 63.756592961411044 77.1977324666556 77.54017592973183 83.18457366409567 104.93349556559093 121.1410439222344 119.76570241308553 17.35330864827082 21.124104379166067 24.54813686609537 37.42356379505685 37.73781106327659 43.792652886787415 24.559057496472597 31.06446938447715 31.91536453469892 38.833577539578215 45.588916963773514 51.9768408471404 137.16062867364366 143.70552145020335 149.4077814292052 160.69967558783117 155.6545669082775 30.386216753312866 37.53090574634967 46.13840442058104 53.758336183431865 61.8073081215101 45.42953291777099 93.07690577398444 100.52948286327299 101.21511804894604 101.0349119810678 109.89779460227481 118.80625809165903 112.8857453872526 112.67882395320267 19.621450958369955 20.123291509374162 99.04927351687755 115.29565604909753 115.85289853212095 144.63460073709726 152.61640448039645 110.1291140894192 110.49517205118639 28.38578718045442 22.364245496998045 29.642799766771407 25.85160795199728 39.222616285028586 173.50262372622234 69.97864034256445 41.91536453433674 41.74395392786788 56.90033942550542 57.476837445081266 120.0507928665443 178.66295474365862 188.54484380351386 190.24840422903267 66.90276795676814
11.0 28.22794817669144 23.36972837480936 33.121696475894105 18.793870577915577 14.130640346090598 0.0 14.370987016253446 16.087041804460274 37.99190894505445 42.972703947237 47.933337934554196 53.28986091736682 62.08346296456365 72.65472879709304 77.88723330774141 91.32837281227039 91.6708162762892 97.31521400980766 119.06413591118506 135.27168426849954 133.89634275883867 22.695543382844455 26.466339114125063 29.890371599939122 42.765798530113805 43.08004579775874 49.134887621500184 29.901292230839964 36.4067041192163 37.25759926909707 44.17581227463932 50.931151699219626 57.319075581933575 151.29126901957048 157.83616179581122 163.5384217746467 174.83031593136155 169.78520725631734 35.72845148771364 42.873140480947484 51.48063915539203 59.10057091869447 67.14954285712393 50.77176765235163 107.20754611910783 114.66012320904863 115.34575839494333 115.16555232683359 124.02843494821016 132.93689843697211 127.01638573219 126.80946429940252 18.88449255152719 19.38633310231842 113.17991386300194 129.42629639484278 129.9835388778534 158.7652410836711 166.74704482630426 124.2597544354555 124.62581239785553 27.648828773891754 21.6272870900117 28.905841359758533 25.11464954531201 38.48565787804372 187.6332640662592 75.32087507757504 47.25759926963086 47.0861886629088 62.24257416043234 62.819072179356255 134.18143321119493 192.79359508393253 202.67548412890181 204.37904456211874 72.24500269009248
13.0 29.205253253001633 24.347033451938106 34.09900155293232 19.77117565467529 15.107945423129783 14.370987016253446 0.0 14.765001962474303 38.96921402260275 43.950009023557584 48.91064301153952 54.26716599470191 63.06076804181899 73.63203387450717 78.86453838514035 92.30567788944066 92.64812135290998 98.29251908664688 120.04144098868143 136.24898934574938 134.87364783608064 23.672848459733487 27.443644190720295 30.867676676756858 43.743103604871905 44.05735087431545 50.11219269881987 30.878597309119737 37.38400919630415 38.234904344481585 45.15311735155093 51.908456775682296 58.296380659054236 152.26857409720108 158.8134668715236 164.51572685252245 175.80762100539874 170.76251233477137 36.70575656452203 43.85044555760393 52.45794423259323 60.077875995596195 68.12684793410558 51.74907272895459 108.18485119656171 115.6374282851415 116.32306347106956 116.14285740423506 125.00574002522146 133.91420351442156 127.99369081017875 127.78676937650388 17.56245270946995 18.064293260516756 114.15721894109325 130.40360147226522 130.96084395524082 159.74254615978987 167.7243499042313 125.23705951256403 125.60311747434949 26.326788931719353 20.30524724805881 27.583801517710544 23.792609703223654 37.16361803598304 188.6105691453531 76.29818015457533 48.23490434673781 48.06349373908153 63.21987923781376 63.796377256513225 135.15873828890787 193.77090016080126 203.65278922811262 205.35634964644754 73.22230776731027
16.0 30.921308041892402 26.06308824026439 35.81505634141632 21.48723044312571 16.824000211422778 16.087041804460274 14.765001962474303 0.0 40.6852688111962 45.66606381230627 50.62669780001451 55.98322078308212 64.77682283003283 75.34808866213581 80.58059317289926 94.02173267836352 94.36417614037552 100.00857387512411 121.75749577671293 137.96504413423682 136.58970262457873 25.388903247718105 29.159698978895015 32.58373146582273 45.459158396425124 45.77340566401096 51.828247487533325 32.59465209689783 39.10006398510104 39.95095913378802 46.869172139449645 53.6245115643145 60.01243544799256 153.98462888505566 160.529521661454 166.23178164123382 177.52367579340157 172.4785671218385 38.421811353453485 45.5665003481353 54.17399902086054 61.793930784087294 69.84290272204618 53.46512751760579 109.90090598495067 117.35348307416001 118.0391182600195 117.8589121931505 126.72179481317275 135.63025830291875 129.7097455974133 129.50282416479172 17.278507497732928 17.780348048484175 115.87327372786916 132.11965626048607 132.67689874344092 161.45860094879214 169.44040469212044 126.95311430122936 127.31917226336665 26.04284372006303 17.37419934648016 24.652753616311017 20.861561801801937 34.2325701345033 190.32662393861904 78.01423494264873 49.95095913197699 49.77954852705774 64.93593402636114 65.51243204444495 136.87479307705775 195.48695495365757 205.36884401214513 207.07240443980396 74.93836255605126
18.0 9.763960769796533 14.622180570346682 4.870212469201016 19.19803836747971 23.861268599199573 37.99190894505445 38.96921402260275 40.6852688111962 0.0 4.980795001478167 9.941428989030122 15.297951972039597 24.091554019541622 34.66281985219862 39.895324362528 53.33646386747026 53.678907330158886 59.323305065183014 81.07222696706113 97.27977532499216 95.90443381371867 41.214577247317976 44.98537297807852 48.409405465968305 61.28483239521331 61.59907966243448 67.65392148636145 48.42032609559702 54.92573798401437 55.77663313378572 62.694846139457866 69.450185563639 75.83810944692654 113.29936007594651 119.84425285151687 125.54651283165312 136.83840697714948 131.79329830374908 54.24748535255786 61.392174345732116 69.99967302058435 77.61960478300146 85.66857672089827 69.29080151735 69.21563717514698 76.66821426365382 77.3538494503978 77.1736433818533 86.03652600314862 94.94498949271072 89.02447678731424 88.81755535503213 43.48271955704174 43.9845601082766 75.18800491771457 91.43438744989574 91.99162993188867 120.77333213464422 128.7551358823472 86.26784549110565 86.63390345321305 52.247055779055074 46.225514095795546 53.50406836518489 49.712876551672764 63.08388488430692 149.64135513265464 93.83990894180535 65.77663313412378 65.60522252723652 80.76160802460414 81.33810604364399 96.18952426679485 154.80168613416203 164.68357515950566 166.3871356169787 90.76403655556616
20.0 14.744755771027672 19.602975571775012 9.851007470676194 24.17883336881969 28.84206360055299 42.972703947237 43.950009023557584 45.66606381230627 4.980795001478167 0.0 4.960633987821954 10.31715697083261 19.110759017801858 29.682024850989762 34.914529361072326 48.35566886624119 48.6981123290758 54.34251006381449 76.09143196515458 92.29898032250506 90.92363881151931 46.19537224843621 49.966167979766254 53.39020046671413 66.26562739635202 66.57987466391965 72.63471648697411 53.40112109661305 59.9065329847834 60.75742813528934 67.67564113982793 74.43098056478077 80.818904448156 108.31856507218768 114.86345785090721 120.56571782770175 131.85761197713896 126.81250330704933 59.22828035404844 66.37296934755204 74.98046802079365 82.60039978441517 90.64937172275235 74.27159651847565 64.23484217373681 71.68741926247102 72.37305444878741 72.19284838116741 81.05573100181658 89.96419449018288 84.0436817860352 83.83676035335682 48.463514559637616 48.96535510967166 70.20720991624253 86.45359244772098 87.01083493132322 115.79253713732888 123.77434088021144 81.28705048921738 81.65310845206994 57.22785078083915 51.20630909765142 58.48486336687287 54.69367155338007 68.06467988572354 144.66056012179126 98.8207039432107 70.75742813539298 70.58601752908666 85.74240302637374 86.31890104559943 91.20872926460379 149.8208911285416 159.70278020482195 161.40634062171324 95.74483155650898
21.0 19.705389759125367 24.563609559609247 14.811641458713359 29.139467356757436 33.80269758850204 47.933337934554196 48.91064301153952 50.62669780001451 9.941428989030122 4.960633987821954 0.0 5.356522983041978 14.150125030376973 24.721390862770548 29.95389537352498 43.39503487836116 43.737478341741266 49.38187607589722 71.13079797779184 87.33834633448897 85.96300482444774 51.15600623647926 54.926801967338776 58.35083445491408 71.22626138374414 71.54050865254943 77.59535047541249 58.36175508510945 64.86716697308293 65.71806212211382 72.63627512810413 79.39161455240314 85.77953843585607 103.35793108655912 109.9028238597567 115.60508383545599 126.89697799077724 121.85186931687784 64.18891434161051 71.33360333511592 79.94110200912407 87.56103377235989 95.61000571065347 79.23223050600126 59.2742081860699 66.7267852742113 67.4124204607125 67.23221439289343 76.09509701387326 85.00356050243639 79.08304779875351 78.87612636509454 53.42414854616145 53.92598909753938 65.24657592846822 81.49295846125162 82.05020094409443 110.83190314817787 118.81370689122026 76.32641650142985 76.69247446423833 62.18848476825378 56.16694308456546 63.445497354366296 59.654305539017756 73.0253138736052 139.69992613726384 103.78133793100616 75.7180621226772 75.54665151703071 90.70303701381967 91.27953503313675 86.2480952769102 144.86025714470318 154.74214619036778 156.44570662765997 100.70546554633015
23.0 25.061912741887557 29.920132542755077 20.168164441227624 34.495990339888536 39.159220571532416 53.28986091736682 54.26716599470191 55.98322078308212 15.297951972039597 10.31715697083261 5.356522983041978 0.0 8.79360204718025 19.364867879823258 24.597372390492538 38.03851189530282 38.380955358638985 44.02535309297197 65.77427499482833 81.98182335294067 80.60648184270087 56.512529219753105 60.28332495035745 63.70735743769457 76.58278436702753 76.89703163429424 82.95187345824748 63.71827806779529 70.22368995624886 71.07458510607017 77.99279811150409 84.74813753547264 91.13606141921173 98.00140810329101 104.54630087756047 110.2485608560371 121.54045499871188 116.49534634082296 69.54543732437418 76.69012631769502 85.2976249921407 92.91755675524176 100.96652869388339 84.58875348942267 53.91768520242 61.370262291632116 62.055897478114105 61.875691409982416 70.73857403092009 79.64703751988466 73.72652481522526 73.51960338247933 58.78067153012849 59.282512080943036 59.89005294552456 76.13643547780191 76.69367796088125 105.47538016590931 113.45718390829805 70.9698935187331 71.3359514809375 67.54500775236522 61.523466068405966 68.80202033820159 65.01082852376709 78.38183685666544 134.34340314985536 109.13786091388403 81.07458510625364 80.90317449960784 96.05955999721834 96.63605801619086 80.89157229458077 139.50373416407254 149.3856232018339 151.08918363790536 106.06198852773701
24.0 33.85551478902275 38.713734589855314 28.96176648892015 43.28959238687956 47.952822618682646 62.08346296456365 63.06076804181899 64.77682283003283 24.091554019541622 19.110759017801858 14.150125030376973 8.79360204718025 0.0 10.571265832454541 15.80377034324087 29.244909847957206 29.587353311454383 35.23175104563222 56.9806729472091 73.18822130556403 71.81287979495286 65.30613126692471 69.07692699757709 72.50095948465432 85.37638641386258 85.69063368138029 91.74547550567618 72.51188011476759 79.0172920031135 79.86818715330658 86.78640015836018 93.54173958225351 99.92966346619433 89.20780605645629 95.75269883260249 101.45495880739627 112.74685296902129 107.70174428669267 78.3390393715536 85.48372836532516 94.09122703887783 101.71115880253998 109.76013074022667 93.38235553646066 45.12408315554736 52.57666024390696 53.26229543100399 53.08208936270356 61.94497198404763 70.85343547272403 64.93292276811022 64.72600133491216 67.57427357700372 68.07611412772323 51.09645089833447 67.34283343081916 67.90007591337422 96.68177811826976 104.66358186368518 62.1762914714575 62.54234943322983 76.33860979993558 70.31706811512412 77.59562238553477 73.80443057101375 87.1754389035061 125.54980112098937 117.93146296123263 89.86818715303657 89.69677654632878 104.85316204422183 105.42966006328477 72.0979702472263 130.7101321335963 140.59202117896834 142.29558161415702 114.85559057468296
26.0 44.42678062145648 49.285000422514685 39.53303232122491 53.86085821967595 58.5240884514525 72.65472879709304 73.63203387450717 75.34808866213581 34.66281985219862 29.682024850989762 24.721390862770548 19.364867879823258 10.571265832454541 0.0 5.232504510550896 18.673644015455167 19.016087478889133 24.660485213222305 46.409407114589044 62.61695547171293 61.24161396194194 75.87739709959696 79.64819282998063 83.0722253177797 95.94765224642515 96.26189951395013 102.31674133798805 83.08314594711211 89.58855783586512 90.4394529858179 97.35766599117753 104.11300541492784 110.50092929901855 78.63654022387888 85.1814330012215 90.88369297892258 102.1755871273907 97.13047845757154 88.91030520424067 96.05499419663226 104.66249287159343 112.28242463493709 120.33139657379891 103.95362136843235 34.55281732325529 42.00539441170215 42.691029598152696 42.51082353044161 51.373706151597844 60.282169640655965 54.36165693554196 54.15473550306313 78.1455394093359 78.64737996060416 40.52518506576998 56.77156759817915 57.32881008085483 86.11051228580689 94.09231603075295 51.60502563904029 51.9710836010709 86.90987563123079 80.88833394811208 88.16688821813176 84.37569640327584 97.74670473623864 114.97853527071788 128.5027287935731 100.43945298544398 100.26804237949068 115.42442787662333 116.00092589556493 61.52670441498951 120.1388662877444 130.02075534021031 131.72431576578083 125.42685640716405
27.0 49.6592851322776 54.51750493320579 44.7655368319393 59.09336272971639 63.756592961411044 77.88723330774141 78.86453838514035 80.58059317289926 39.895324362528 34.914529361072326 29.95389537352498 24.597372390492538 15.80377034324087 5.232504510550896 0.0 13.441139504982887 13.783582968751723 19.427980702609382 41.17690260416228 57.384450960534146 56.009109452761635 81.10990160934759 84.88069734036236 88.30472982871396 101.18015675662329 101.49440402392088 107.54924584812474 88.31565045824766 94.82106234627949 95.67195749610153 102.59017050135495 109.34550992560497 115.73343380929032 73.4040357118163 79.94892848860312 85.65118846517953 96.94308261912965 91.8979739350567 94.14280971475284 101.28749870775144 109.89499738233162 117.51492914521023 125.56390108410103 109.18612587856092 29.320312812003422 36.77288990092789 37.458525087619186 37.27831901983306 46.14120164099814 55.04966513019164 49.12915242495009 48.922230991982 83.37804391954398 83.87988447067204 35.29268055522924 51.53906308745624 52.096305570235444 80.87800777544723 88.85981151925044 46.37252112855643 46.738579090635646 92.14238014228943 86.12083845885698 93.39939272782982 89.60820091361197 102.9792092461035 109.74603075645942 133.73523330422944 105.67195749637452 105.50054688999063 120.6569323869885 121.23343040599974 56.29419990411385 114.90636177781856 124.78825084868144 126.49181125960249 130.6593609177076
29.0 63.10042463748356 67.95864443844935 58.206676336761305 72.53450223470492 77.1977324666556 91.32837281227039 92.30567788944066 94.02173267836352 53.33646386747026 48.35566886624119 43.39503487836116 38.03851189530282 29.244909847957206 18.673644015455167 13.441139504982887 0.0 11.143750043494911 5.986841197619007 27.73576309910947 43.94331145640106 42.56796994649062 94.55104111545955 98.321836844291 101.74586933215514 114.62129626070657 114.93554352897348 120.99038535427502 101.75678996196028 108.26220185144086 109.11309700189844 116.03131000678104 122.7866494318364 129.17457331287443 59.96289620699618 66.50778898640935 72.2100489625881 83.50194312157893 78.45683444419046 107.58394921906543 114.72863821132958 123.33613688691221 130.95606865011425 139.00504058861114 122.62726538376506 26.680479887751822 34.133056976339354 34.81869216292364 23.83717951482743 32.700062136150805 41.60852562494521 35.68801292026248 35.481091487193936 96.81918342435536 97.32102397568389 32.65284763047198 48.8992301625773 49.456472645710136 67.4368682706376 75.41867201582694 32.931381623532076 33.29743958560904 105.58351964764691 99.56197796254085 106.84053223189174 103.04934041879748 116.42034875137435 96.30489125685297 147.1763728088205 119.11309700074759 118.94168639509007 134.0980718914813 134.6745699112482 42.853060399033616 101.46522227999213 111.34711133919191 113.05067175867798 144.10050042241443
30.0 63.442868100722606 68.30108790140582 58.54911980003149 72.87694569865343 77.54017592973183 91.6708162762892 92.64812135290998 94.36417614037552 53.678907330158886 48.6981123290758 43.737478341741266 38.380955358638985 29.587353311454383 19.016087478889133 13.783582968751723 11.143750043494911 0.0 17.130591241038196 38.87951314297016 55.08706150044922 53.71171999078436 94.89348457843403 98.66428030804089 102.08831279590437 114.96373972515283 115.27798699328862 121.33282881643402 102.0992334257258 108.60464531404668 109.45554046478946 116.37375346991237 123.1290928934529 129.5170167775104 71.10664624978216 77.65153902619973 83.3537990058102 94.64569315419195 89.60058448446864 107.92639268310526 115.07108167526886 123.67858035013562 131.29851211360403 139.3474840534087 122.96970884809127 15.536729843965269 22.989306932817204 23.674942119472135 34.980929558378975 43.8438121795477 52.75227566853846 46.83176296348809 46.62484153074398 97.16162688701667 97.66346744050517 21.50909758673266 37.755480119363035 38.312722602082374 78.58061831338723 86.56242205729473 44.075131666377075 44.441189629797535 105.92596311135065 99.90442142598943 107.18297569636621 103.39178388200101 116.76279221482142 107.44864130617012 147.51881627234985 119.45554046457127 119.28412985734653 134.44051535667484 135.0170133742723 53.99681044284776 112.60897232552804 122.49086137799137 124.19442179967199 144.44294388575645
31.0 69.08726583454413 73.94548563569163 64.19351753441079 78.52134343266977 83.18457366409567 97.31521400980766 98.29251908664688 100.00857387512411 59.323305065183014 54.34251006381449 49.38187607589722 44.02535309297197 35.23175104563222 24.660485213222305 19.427980702609382 5.986841197619007 17.130591241038196 0.0 21.748921901709622 37.95647025791898 36.581128749964215 100.53788231187715 104.30867804357361 107.73271052968819 120.60813745982617 120.9223847267362 126.97722655111167 107.74363116100804 114.24904304904733 115.09993819864994 122.01815120441954 128.77349062871633 135.16141451226753 53.97605501097757 60.520947786925305 66.22320776924937 77.51510192151096 72.4699932486949 113.57079041746857 120.7154794117319 129.32297808387125 136.94290984777413 144.99188178607466 128.61410658180017 32.667321085151734 40.119898173855866 40.805533360388125 17.850338317136217 26.713220938493677 35.621684427265656 29.70117172244752 29.4942502895176 102.80602462263687 103.30786517198243 38.63968882812769 54.88607136019236 55.443313843349934 61.45002707199763 69.4318308184397 26.944540425856303 27.31059838790611 111.57036084402968 105.54881916083944 112.82737343198568 109.03618161535645 122.40718994890871 90.31805005981403 153.16321400632182 125.09993819872649 124.92852759067094 140.08491308894142 140.66141110876862 36.86621920150616 95.47838108684482 105.36027013795987 107.0638305651638 150.08734161927356
36.0 90.83618773681263 95.69440753608723 85.94243943543603 100.27026533321255 104.93349556559093 119.06413591118506 120.04144098868143 121.75749577671293 81.07222696706113 76.09143196515458 71.13079797779184 65.77427499482833 56.9806729472091 46.409407114589044 41.17690260416228 27.73576309910947 38.87951314297016 21.748921901709622 0.0 16.20754835754902 14.832206847430378 122.28680421384874 126.05759994432074 129.4816324316683 142.35705936085492 142.67130662824977 148.72614845245627 129.49255306159347 135.9979649496058 136.84886010030598 143.76707310494618 150.5224125292357 156.9103364127988 32.22713310864965 38.77202588411693 44.4742858638955 55.76617999857875 50.72107131507876 135.31971231866453 142.46440131198412 151.07189998552494 158.69183174914616 166.7408036876713 150.36302848303268 54.416242986798544 61.86882007506792 62.55445526043428 27.746013434186743 36.60889605945262 45.51735954916629 39.59684684220913 39.38992540958529 124.5549465226044 125.05678707394932 60.38861073036692 76.634993262187 77.19223574312487 39.701105171683366 47.682908915248525 21.824316895963364 22.190374862553387 133.31928274587713 127.29774106217081 134.57629533194716 130.78510351746564 144.15611185048726 68.56912816311483 174.91213590811316 146.84886009924983 146.67744949488005 161.8338349902555 162.41033300969946 46.76189432115799 73.72945922031683 83.61134818342504 85.3149086636002 171.83626352118114
39.0 107.04373609362332 111.90195589554338 102.14998779293313 116.47781369206174 121.1410439222344 135.27168426849954 136.24898934574938 137.96504413423682 97.27977532499216 92.29898032250506 87.33834633448897 81.98182335294067 73.18822130556403 62.61695547171293 57.384450960534146 43.94331145640106 55.08706150044922 37.95647025791898 16.20754835754902 0.0 12.385772048181167 138.49435257099577 142.2651483019297 145.6891807894085 158.56460771778217 158.87885498595358 164.93369680988332 145.7001014193686 152.20551330717078 153.05640845797868 159.97462146230635 166.7299608864026 173.1178847698783 29.78069830900258 36.325591088057394 42.02785106472554 53.319745199397815 48.274636545260144 151.52726067571305 158.6719496694747 167.27944834364706 174.8993801061269 182.9483520450994 166.5705768407248 70.62379134606945 78.07636843138452 78.76200361965866 43.953561794385166 52.81644441488361 61.7249079038521 55.8043952005995 55.59747376739516 140.76249488128659 141.26433543296906 76.59615908724297 92.84254161858831 93.39978410447915 37.25467037162809 45.23647411635213 38.03186525584551 38.39792321755726 149.52683110154413 143.50528941901385 150.78384368938617 146.99265187485167 160.36366020774108 66.12269336066332 191.1196842652962 163.05640845626095 162.88499785082033 178.04138334650747 178.61788136649096 62.96944267953768 71.28302438833029 81.164913436761 82.86847386478779 188.04381187740128
40.0 105.66839458371618 110.52661438481398 100.7746462836808 115.10247218030133 119.76570241308553 133.89634275883867 134.87364783608064 136.58970262457873 95.90443381371867 90.92363881151931 85.96300482444774 80.60648184270087 71.81287979495286 61.24161396194194 56.009109452761635 42.56796994649062 53.71171999078436 36.581128749964215 14.832206847430378 12.385772048181167 0.0 137.1190110590302 140.8898067915472 144.31383927942184 157.18926620817012 157.50351347620932 163.55835529970958 144.3247599108314 150.83017179784088 151.68106694877633 158.5992799525288 165.3546193769327 171.7425432607689 17.39492626065868 23.939819037112716 29.642079015643205 40.9339731757543 35.88886449435703 150.1519191655222 157.29660815897103 165.90410683364877 173.5240385970458 181.57301053535997 165.1952353296067 69.2484498351622 76.7010269248442 77.3866621059285 42.57822028470774 51.44110290494918 60.34956639519301 54.429053691129425 54.22213225669079 139.38715337167454 139.88899392371815 75.22081757714898 91.46720010912847 92.02444259169644 24.868898324075737 32.85070206791814 36.65652374683789 37.0225817081229 148.15148959277394 142.12994791006358 149.40850217955773 145.6173103654519 158.98831869794802 53.73692131750492 189.74434275516012 161.6810669465928 161.50965634023322 176.66604183926097 177.2425398553778 61.594101169191674 58.89725233341793 68.77914140002703 70.48270181221216 186.66847036930994
42.0 31.450616477678707 26.592396677064592 36.34436477836868 22.016538880231636 17.35330864827082 22.695543382844455 23.672848459733487 25.388903247718105 41.214577247317976 46.19537224843621 51.15600623647926 56.512529219753105 65.30613126692471 75.87739709959696 81.10990160934759 94.55104111545955 94.89348457843403 100.53788231187715 122.28680421384874 138.49435257099577 137.1190110590302 0.0 18.017205123566583 21.441237610290376 34.31666453999738 34.63091180848384 40.68575363151503 7.205748847985332 13.71116073584843 14.562055886625117 21.480268891197987 28.23560831628289 34.623532199356426 154.5139373213565 161.0588300949302 166.76109007928773 178.05298422849853 173.00787555429 27.27931749762034 34.424006489980464 43.03150516559132 50.651436928424985 58.70040886642011 42.3226336620462 110.43021442229693 117.88279151022557 118.56842669737622 118.38822063006765 127.25110325124447 136.15956673928542 130.23905403406025 130.03213260252267 28.18635399539608 28.688194546348452 116.40258216547429 132.64896469795002 133.2062071807146 161.98790938496023 169.96971312894772 127.48242273793602 127.84848070174102 36.950690217782395 30.929148533908524 38.20770280355226 34.41651098894895 47.787519322652116 190.85593236620042 66.87174108652083 24.56205588642509 24.39064527950521 39.54703077754944 40.12352879627814 137.40410151337886 196.01626338360984 205.8981524258781 207.60171286293144 49.54945930798549
43.0 35.22141220892723 30.363192407978076 40.11516050940442 25.787334610545678 21.124104379166067 26.466339114125063 27.443644190720295 29.159698978895015 44.98537297807852 49.966167979766254 54.926801967338776 60.28332495035745 69.07692699757709 79.64819282998063 84.88069734036236 98.321836844291 98.66428030804089 104.30867804357361 126.05759994432074 142.2651483019297 140.8898067915472 18.017205123566583 0.0 12.681632497243832 16.299459416932287 16.613706683966956 22.66854850797995 25.222953971201793 31.728365858888427 32.5792610092293 39.49747401472163 46.25281343796254 52.64073732277758 158.2847330519193 164.82962582756824 170.53188581063415 181.8237799623742 176.77867128995112 18.519712384020718 25.664401377329845 34.27190005160081 41.89183181505307 49.94080375257078 24.305428538667368 114.20101015309137 121.65358724187251 122.3392224282613 122.15901635947424 131.02189898163658 139.9303624698855 134.00984976563916 133.80292833207997 31.95714972585686 32.45899027659613 120.17337789545294 136.41976042781167 136.9770029107771 165.7587051154789 173.74050885987384 131.2532184687279 131.61927643109985 40.721485948426654 34.699944264308606 41.97849853446263 38.18730672052421 51.55831505260207 194.6267280981532 58.11213597360798 42.57926100979367 42.407850403141744 57.564235901064045 58.140733919642685 141.17489724522233 199.78705912632586 209.66894818995195 211.37250860372706 67.56666443127996
44.0 38.64544469584544 33.787224895042065 43.53919299666692 29.21136709832862 24.54813686609537 29.890371599939122 30.867676676756858 32.58373146582273 48.409405465968305 53.39020046671413 58.35083445491408 63.70735743769457 72.50095948465432 83.0722253177797 88.30472982871396 101.74586933215514 102.08831279590437 107.73271052968819 129.4816324316683 145.6891807894085 144.31383927942184 21.441237610290376 12.681632497243832 0.0 28.98109191369011 29.295339181760568 35.350181005218666 28.646986459718402 35.15239834727406 36.00329349751287 42.92150650180663 49.67684592688343 56.06476981026786 161.70876554009607 168.25365831695817 173.9559182942179 185.2478124429029 180.2027037713916 5.838079886596467 12.982768880141167 21.590267554300137 29.210199317499235 37.25917125568234 36.98706103660262 117.62504264064026 125.07761972852873 125.76325491500351 125.5830488485243 134.44593146922793 143.35439495733974 137.4338822543593 137.22696081969207 35.38118221341915 35.88302276431239 123.59741038358192 139.84379291549197 140.4010353983123 169.18273760305007 177.1645413465136 134.67725095620767 135.0433089186963 44.14551843596604 38.1239767522075 45.402531022302014 41.611339207534535 54.98234753958347 198.05076059260668 45.43050347622108 46.00329349773568 45.831882891110965 60.98826838849569 61.56476640736124 144.59892973302902 203.2110916115784 213.09298066729156 214.7965410902852 70.99069691845514
46.0 51.520871624472505 46.66265182449338 56.41461992563464 42.086794026817415 37.42356379505685 42.765798530113805 43.743103604871905 45.459158396425124 61.28483239521331 66.26562739635202 71.22626138374414 76.58278436702753 85.37638641386258 95.94765224642515 101.18015675662329 114.62129626070657 114.96373972515283 120.60813745982617 142.35705936085492 158.56460771778217 157.18926620817012 34.31666453999738 16.299459416932287 28.98109191369011 0.0 16.351504078358865 6.3690890915549545 41.52241338812038 48.027825275542746 48.87872042367979 55.79693343140322 62.55227285419137 68.9401967383906 174.58419246892925 181.12908524531 186.83134522439389 198.12323937841654 193.07813070373322 34.819171800374946 41.96386079438043 50.5713594686966 58.191291231096685 66.24026316945978 24.043225932818174 130.50046956958383 137.95304665680737 138.63868184487325 138.45847577631872 147.32135839766843 156.22982188619966 150.3093091815116 150.10238774858664 48.25660914239985 48.75844969260197 136.47283731098184 152.7192198444535 153.27646232713312 182.0581645321985 190.03996827619173 147.55267788479324 147.9187358477254 57.02094536506905 50.999403679466894 58.27795795069964 54.48676613719202 67.85777446913502 210.9261875257747 74.41159539010108 58.878720426284836 58.707309818256945 73.8636953173451 74.4401933365763 157.47435666088325 216.08651854917625 225.96840759544727 227.67196802612634 83.86612384805953
47.0 51.835118893783694 46.97689909237089 56.728867193546556 42.40104129521122 37.73781106327659 43.08004579775874 44.05735087431545 45.77340566401096 61.59907966243448 66.57987466391965 71.54050865254943 76.89703163429424 85.69063368138029 96.26189951395013 101.49440402392088 114.93554352897348 115.27798699328862 120.9223847267362 142.67130662824977 158.87885498595358 157.50351347620932 34.63091180848384 16.613706683966956 29.295339181760568 16.351504078358865 0.0 22.720593169895345 41.836660656112244 48.34207254403597 49.19296769281945 56.1111806995546 62.86652012263045 69.25444400771997 174.89843973681758 181.44333251237722 187.1455924884046 198.43748665011205 193.39237797307658 35.133419068359856 42.27810806148452 50.885606736081705 58.505538499181085 66.55451043799096 7.691721854457106 130.8147168371585 138.2672939262769 138.95292911241958 138.7727230435562 147.63560566543407 156.5440691542945 150.62355644924443 150.41663501753976 48.57085641032445 49.072696960888685 136.78708458016678 153.03346711219422 153.5907095951033 182.37241180010022 190.35421554334272 147.8669251534632 148.23298311527452 57.33519263274809 51.31365094931119 58.59220521983615 54.80101340368434 68.17202173683818 211.24043478702788 74.72584265788143 59.192967693740066 59.021557085825386 74.17794258550865 74.75444060440557 157.78860392899918 216.40076580687912 226.2826548631868 227.98621528301013 84.18037111636941
48.0 57.88996071711891 53.031740914352056 62.78370901800043 48.4558831185985 43.792652886787415 49.134887621500184 50.11219269881987 51.828247487533325 67.65392148636145 72.63471648697411 77.59535047541249 82.95187345824748 91.74547550567618 102.31674133798805 107.54924584812474 120.99038535427502 121.33282881643402 126.97722655111167 148.72614845245627 164.93369680988332 163.55835529970958 40.68575363151503 22.66854850797995 35.350181005218666 6.3690890915549545 22.720593169895345 0.0 47.89150247957574 54.39691436779552 55.24780951761878 62.16602252270384 68.92136194738138 75.309285831199 180.95328156049646 187.49817433681125 193.20043431521586 204.4923284660399 199.44721979796412 41.18826089233875 48.332949885681614 56.94044855954705 64.56038032305463 72.60935226048794 30.412315024331836 136.86955866093632 144.32213574891972 145.00777093605882 144.82756486784209 153.69044748892196 162.59891097757856 156.67839827297885 156.47147683990437 54.625698234793774 55.12753878438781 142.84192640475254 159.0883089357868 159.64555141858634 188.4272536234278 196.4090573676212 153.9217669783088 154.28782493959474 63.39003445640559 57.36849277245961 64.64704704252435 60.85585522759198 74.22686356080047 217.2952766146308 80.78068448317222 65.2478095177096 65.07639891112638 80.23278440875521 80.80928242781565 163.84344575217284 222.4556076356286 232.33749668596403 234.0410571124085 90.23521293920841
49.0 38.656365326023405 33.798145525147206 43.55011362681439 29.222287728245345 24.559057496472597 29.901292230839964 30.878597309119737 32.59465209689783 48.42032609559702 53.40112109661305 58.36175508510945 63.71827806779529 72.51188011476759 83.08314594711211 88.31565045824766 101.75678996196028 102.0992334257258 107.74363116100804 129.49255306159347 145.7001014193686 144.3247599108314 7.205748847985332 25.222953971201793 28.646986459718402 41.52241338812038 41.836660656112244 47.89150247957574 0.0 6.505411888372462 7.3563070382846 14.274520043277086 21.029859467579183 27.417783351132137 161.71968617022011 168.26457894754697 173.96683892622423 185.25873307957198 180.21362440662043 34.48506634521221 41.62975533914644 50.23725401267029 57.85718577583211 65.9061577147489 49.528382509696506 117.6359632702023 125.08854035890462 125.77417554533125 125.59396947622635 134.45685209748223 143.36531558714051 137.4448028812808 137.23788145068295 35.39210284309152 35.89394339465643 123.60833101397873 139.85471354526078 140.41195602846923 169.19365823278284 177.17546197651126 134.68817158716865 135.05422954716894 44.15643906518273 38.134897381886255 45.41345165211851 41.62225983802003 54.993268169661576 198.06168122552725 74.07748993549569 17.356307038277198 17.184896431669006 32.341281929427765 32.91777994880601 144.60985036152624 203.22201223394137 213.10390128097993 214.80746173594255 42.34371045976101
