0.0 2.0 3.0 4.0 5.0 6.0 11.0 13.0 16.0 18.0 20.0 21.0 23.0 24.0 26.0 27.0 29.0 30.0 31.0 36.0 39.0 40.0 42.0 43.0 44.0 46.0 47.0 48.0 49.0 50.0 51.0 52.0 53.0 54.0 57.0 59.0 61.0 62.0 63.0 65.0 66.0 67.0 68.0 69.0 70.0 73.0 74.0 75.0 76.0 78.0 79.0 80.0 81.0 82.0 83.0 84.0 86.0 87.0 88.0 89.0 90.0 91.0 92.0 94.0 95.0 96.0 97.0 98.0 100.0 101.0 102.0 104.0 105.0 107.0 109.0 110.0 111.0 112.0
2.0 0.0 6.712276052172698 6.674688243265473 14.268244760853333 21.678083112302332 48.06047007787707 57.73365177845213 75.47789011526581 13.286336287071034 19.580329470373584 25.990468055431265 31.570112548007387 35.89813503348863 47.61955711794769 53.316122095381004 64.50543602625675 64.73692021425033 70.01049171779593 83.42849950326192 86.95081558164213 93.70261122165209 45.50015452487734 55.14954121699584 52.01543307154836 65.20236884622814 65.14966136579771 73.1000143060374 53.02501249206671 60.226096881999496 60.15542915012635 66.40496742058144 68.53933441077211 70.91468535074058 98.33218968477686 101.22041730992507 102.95096763155237 105.64349991193015 111.2017088118541 58.01247561226064 63.07017122832636 67.76964365419978 72.42700955525612 77.09968446505643 70.93693668234022 75.32230887369037 80.52902286907828 79.76662258479499 83.93750806989169 88.03630962203252 91.59310412236191 86.44234818858314 86.89809308434448 71.96601270831749 74.73431954564445 82.77691117471886 92.58691276792447 92.63698955063302 104.69866925137202 109.72856205529935 89.47353699543564 87.87630790867436 80.09358749900595 79.99160323209352 81.78587758403548 81.15983638589789 83.10957127836792 118.35062422893009 82.17811648759596 61.63236676660528 62.11200601588221 72.8257820417268 72.34006794224496 93.35056767264328 123.17948995341744 129.99251093422794 126.90534699903199 74.6411710246564
3.0 6.712276052172698 0.0 13.38696429465379 7.555968709054207 14.965807060249247 41.34819402630005 51.02137572678214 68.76561406339988 19.998612338963035 26.292605522052778 32.70274410676015 38.28238859978682 42.610411085062914 54.33183316937264 60.028398146633045 71.21771207823384 71.44919626593033 76.72276777054273 90.14077555536127 93.66309163362457 100.41488727340194 38.78787847332076 48.43726516523579 45.303157019799585 58.49009279450833 58.437385314733675 66.38773825424902 46.31273644049895 53.513820830283024 53.44315309812486 59.69269136884287 61.827058358971414 64.20240929911317 105.04446573788712 107.93269335934724 109.66324368048181 112.35577596474252 117.91398486048703 51.30019956052141 56.35789517686558 61.05736760243681 65.71473350393534 70.38740841352984 64.22466063043292 82.0345849253307 87.241298920499 86.47889863642399 90.64978411981885 94.74858567595655 98.30538017115423 93.15462425130315 93.61036912854325 65.25373665700204 68.02204349404923 89.48918722643384 99.29918881934626 99.34926560241618 111.41094530510874 116.44083811017097 96.18581304728022 94.58858396445234 73.38131144699878 73.27932718020139 75.07360153271627 74.44756033378442 76.39729522693818 125.06290028416146 75.46584043601035 54.92009071484962 55.39972996484351 66.11350598949967 65.62779188955233 100.06284371257507 129.89176600591037 136.704786988099 133.61762304763027 67.92889497306156
4.0 6.674688243265473 13.38696429465379 0.0 20.94293300382407 28.352771355117042 54.7351583212627 64.40834002150265 82.15257835829456 6.611648043946715 12.905641227212335 19.315779812103123 24.895424304817503 29.223446790219114 40.94486887455514 46.641433852058775 57.830747783563055 58.06223197106977 63.33580347685475 76.753811260901 80.27612733432815 87.0279229757657 52.17484276811178 61.82422946032652 58.69012131439716 71.87705708912307 71.82434960934393 79.77470254907843 59.69970073521719 66.90078512518097 66.83011739282183 73.07965566358102 75.21402265391725 77.58937359390781 91.65750144335797 94.54572906520582 96.27627938848795 98.9688116680492 104.52702056699174 64.68716385520574 69.74485947114994 74.4443318972788 79.10169779868463 83.77437270804502 77.61162492524376 68.64762063064097 73.85433462598562 73.09193434178238 77.26281982441637 81.36162138246512 84.9184158812549 79.76765995210658 80.22340484000523 78.64070095204382 81.40900778856894 76.10222293162154 85.91222452469347 85.96230130800207 98.0239810063947 103.05387381506972 82.79884875016333 81.20161966797515 86.76827574207542 86.66629147480417 88.46056582809025 87.83452462855462 89.78425952153258 111.6759359861289 88.85280473081423 68.30705500948406 68.78669425992949 79.50047028473284 79.01475618517141 86.67587943136537 116.50480171041701 123.31782269334595 120.23065875300497 81.31585926780535
5.0 14.268244760853333 7.555968709054207 20.94293300382407 0.0 7.40983835129164 33.792225316533674 43.46540701767002 61.209645354292206 27.554581047854555 33.848574231110085 40.25871281605258 45.838357308812306 50.166379794044886 61.88780187834854 67.58436685578363 78.77368078752778 79.00516497492514 84.27873647967519 97.69674426102246 101.21906033745918 107.97085597757848 31.231909764198942 40.881296456311375 37.747188310626186 50.9341240854377 50.881416605312964 58.831769545601475 38.75676773145081 45.95785212133768 45.88718438880486 52.13672265976388 54.271089649899295 56.64644059032388 112.60043444757883 115.4886620625495 117.21921239137501 119.91174466672827 125.46995356492212 43.74423085142915 48.801926467396925 53.50139889358444 58.158764794928345 62.83143970434489 56.66869192162574 89.59055363427049 94.79726762953868 94.03486734541448 98.20575282852118 102.30455438357183 105.86134888413407 100.71059295699695 101.16633783994192 57.69776794772605 60.46607478475474 97.04515593537172 106.85515752846439 106.90523431146985 118.96691401354389 123.99680681671427 103.74178175508752 102.14455267327983 65.82534273804498 65.72335847113223 67.51763282377168 66.89159162475055 68.84132651774108 132.61886899185888 67.90987172710953 47.36412200569025 47.84376125591804 58.557537281180515 58.07182318096155 107.61881242772469 137.44773471531724 144.26075569466627 141.17359176194267 60.372926264210506
6.0 21.678083112302332 14.965807060249247 28.352771355117042 7.40983835129164 0.0 26.38238696611115 36.05556866681767 53.799807002978326 34.96441939955183 41.258412582197536 47.66855116717076 53.248195660040096 57.576218145299364 69.29764022956915 74.99420520715287 86.18351913972185 86.4150033263068 91.68857483144356 105.10658261638127 108.6288986925436 115.38069433072772 23.8220714128911 33.47145810500806 30.337349959471386 43.52428573389895 43.4715782542559 51.42193119405485 31.346929380164905 38.54801377008093 38.47734603748245 44.72688430864509 46.86125129841919 49.23660223871374 120.01027279878546 122.89850041734576 124.62905074564753 127.32158302556682 132.8797919165391 36.33439250031394 41.39208811630775 46.09156054204712 50.7489264433169 55.4216013530951 49.258853570113 97.00039198540449 102.20710598095681 101.44470569670996 105.6155911814345 109.71439273506525 113.27118723687649 108.12043130480122 108.57617619260881 50.2879295965287 53.05623643372946 104.45499428636239 114.26499587951989 114.31507266281217 126.37675236457324 131.40664516841645 111.15162010750845 109.55439102309695 58.41550438680153 58.31352011980991 60.10779447293656 59.48175327380866 61.43148816679853 140.02870734054818 60.50003337597918 39.95428365433099 40.43392290453 51.14769892946891 50.66198482840857 115.0286507782328 144.85757306110958 151.67059404792946 148.58343011036249 52.96308791181576
11.0 48.06047007787707 41.34819402630005 54.7351583212627 33.792225316533674 26.38238696611115 0.0 27.14656837767594 44.890806714464084 61.34680636514921 67.64079954825166 74.05093813308008 79.63058262627438 83.95860511130446 95.68002719571089 101.37659217315475 112.56590610417469 112.7973902917015 118.07096179747148 131.48896958413425 135.01128565795818 141.76308129716597 33.81858909136132 43.46797578337154 40.33386763931651 53.52080341242124 53.468095931342404 61.41844887234443 41.34344705840928 48.544531448212545 48.473863716498634 54.72340198688392 56.857768977094025 59.23311991696241 146.39265976327556 149.28088738770353 151.0114377087974 153.70396998786157 159.26217888485064 46.33091017851555 51.3886057947075 56.08807822055569 60.74544412202209 65.41811903125166 59.25537124783651 123.38277895145505 128.58949294664095 127.82709266261979 131.99797814939046 136.09677969947276 139.65357420061235 134.50281827548054 134.95856315593895 41.37892930785936 44.14723614503602 130.83738125218645 140.64738284500186 140.69745962893666 152.75913932758016 157.78903213843353 137.53400707198227 135.93677798982765 49.50650409813838 49.40451983115305 51.19879418455398 50.57275298527544 52.52248787822226 166.41109430224202 70.49655105412945 49.95080133209132 50.430440583135315 61.14421660742576 60.65850250687522 141.4110377489996 171.23996003102383 178.0529810174753 174.9658170820578 62.959605590534665
13.0 57.73365177845213 51.02137572678214 64.40834002150265 43.46540701767002 36.05556866681767 27.14656837767594 0.0 34.56398841481794 71.0199880653567 77.31398124867621 83.72411983351398 89.3037643264788 93.6317868117485 105.3532088959011 111.04977387361188 122.23908780759777 122.4705719926136 127.74414349482632 141.1621512817583 144.68446736625032 151.43626300154588 43.491770791787275 53.14115748404422 50.007049338064135 63.19398511339849 63.141277633061655 71.09163057283737 51.016628759177905 58.217713148542614 58.14704541655199 64.39658368724774 66.53095067709464 68.90630161709387 156.06584146440127 158.95406908583595 160.68461941080204 163.377151689242 168.93536058596555 56.004091879056375 61.061787494758164 65.7612599211825 70.41862582251092 75.09130073177016 68.92855294902871 133.0559606522465 138.262674647582 137.50027436309563 141.67115985023042 145.76996140597305 149.32675589935272 144.17599997964436 144.63174487081434 31.052111008051973 33.82041784521937 140.51056295285383 150.32056454617612 150.37064132925394 162.43232102790682 167.46221383576798 147.20718877997393 145.60995968964926 39.17968579870033 39.077701531592794 40.87197588469848 40.24593468541166 42.19566957870494 176.08427601124254 80.16973275447428 59.62398303267949 60.10362228311472 70.81739830822444 70.33168420802198 151.0842194450383 180.9131417316537 187.72616272136696 184.6389987760915 72.6327872928557
16.0 75.47789011526581 68.76561406339988 82.15257835829456 61.209645354292206 53.799807002978326 44.890806714464084 34.56398841481794 0.0 88.7642264020863 95.05821958529073 101.46835817010495 107.04800266281786 111.37602514818218 123.09744723232554 128.79401221028837 139.98332614246092 140.21481032916753 145.48838183714193 158.90638961808313 162.42870570279393 169.18050134123908 61.23600912852487 70.88539582042566 67.75128767481377 80.93822344966942 80.88551596958828 88.83586890951966 68.76086709602566 75.96195148483753 75.89128375310256 82.14082202389471 84.27518901371829 86.65053995421769 173.81007980540642 176.69830742527625 178.4288577499144 181.1213900257965 186.6795989220969 73.74833021588492 78.80602583186717 83.50549825746988 88.16286415925956 92.83553906819229 86.67279128573776 150.80019898820547 156.0069129839111 155.24451269974423 159.41539818388858 163.5141997395619 167.070994241449 161.92023830670277 162.3759832008596 30.028137924390553 32.79644476151206 158.25480128937744 168.06480288315075 168.1148796651044 180.17655936627386 185.20645217556978 164.9514271159261 163.35419803285575 38.155712714694054 20.841901729832117 22.63617608303676 22.01013488382263 23.959869776724474 193.82851434256162 97.91397109110541 77.3682213700349 77.84786061998065 88.56163664557123 88.0759225445762 168.82845778186797 198.65738006900662 205.47040105148545 202.38323710867041 90.377025631765
18.0 13.286336287071034 19.998612338963035 6.611648043946715 27.554581047854555 34.96441939955183 61.34680636514921 71.0199880653567 88.7642264020863 0.0 6.293993183247043 12.70413176802722 18.283776260945757 22.611798746360094 34.333220830383276 40.02978580805966 51.21909973875307 51.45058392735858 56.7241554316891 70.14216321695224 73.6644792919146 80.41627493236948 58.7864908119286 68.43587750417569 65.3017693584038 78.48870513285472 78.43599765282322 86.38635059297047 66.31134877916571 73.51243316884856 73.44176543678269 79.69130370786468 81.8256706978186 84.2010216378686 85.0458533982101 87.93408102195377 89.66463134529158 92.35716362462006 97.91537252198918 71.29881189918292 76.35650751502074 81.05597994098532 85.71334584244167 90.38602075199915 84.22327296910107 62.035972586782975 67.24268658213254 66.480286297991 70.65117178358722 74.7499733398179 78.30676783899756 73.15601190958064 73.61175679575982 85.25234899569661 88.02065583298162 69.49057488776205 79.30057648083803 79.35065326424026 91.41233296297969 96.44222576719696 76.18720070602302 74.58997162519216 93.37992378587799 93.27793951907259 95.07221387156973 94.4461726723106 96.3959075656127 105.06428794513585 95.46445277464694 74.91870305344966 75.39834230329646 86.11211832858633 85.62640422877253 80.0642313825346 109.8931536636999 116.70617465049907 113.61901071099399 87.92750731160191
20.0 19.580329470373584 26.292605522052778 12.905641227212335 33.848574231110085 41.258412582197536 67.64079954825166 77.31398124867621 95.05821958529073 6.293993183247043 0.0 6.410138584908887 11.989783077778014 16.31780556314483 28.039227647590874 33.73579262369291 44.92510655665329 45.15659074399427 50.43016224992601 63.848170030911376 67.37048611018376 74.122281749574 65.08048399528047 74.72987068736158 71.59576254145645 84.78269831607085 84.72999083617059 92.68034377608828 72.60534196247016 79.80642635198456 79.73575861997693 85.98529689078548 88.1196638810128 90.49501482104787 78.75186021451493 81.64008783677377 83.37063816263492 86.06317044068052 91.62137933963935 77.59280508229526 82.65050069815481 87.34997312424345 92.00733902592833 96.68001393513968 90.5172661523109 55.7419794035635 60.94869339887772 60.186293114666526 64.35717859793627 68.4559801548902 72.01277465624118 66.86201872589733 67.31776361106463 91.5463421787336 94.31464901590941 63.19658170458301 73.0065832976049 73.05666008101879 85.11833978304895 90.14823258723769 69.89320752451619 68.29597844149966 99.67391696899728 99.57193270197928 101.36620705467924 100.74016585565624 102.6899007482993 98.77029475915245 101.75844595775862 81.21269623623294 81.69233548655134 92.40611151134152 91.920397410411 73.77023819820104 103.599160483448 110.41218146230244 107.32501752867313 94.22150049509996
21.0 25.990468055431265 32.70274410676015 19.315779812103123 40.25871281605258 47.66855116717076 74.05093813308008 83.72411983351398 101.46835817010495 12.70413176802722 6.410138584908887 0.0 5.579644493026953 9.907666978215506 21.629089062560357 27.325654040028148 38.514967970355556 38.74645215934704 44.020023662813244 57.43803144713633 60.960347526939046 67.7121431627672 71.49062257962957 81.14000927207286 78.00590112626536 91.19283690122192 91.14012942123756 99.09048236066778 79.01548054736547 86.21656493691191 86.14589720497264 92.39543547564216 94.52980246594328 96.90515340575087 72.34172163081612 75.22994925069983 76.96049957601308 79.65303185787516 85.211240752198 84.00294366736033 89.06063928346592 93.76011170898227 98.4174776104778 103.09015251999124 96.92740473726266 49.331840818690196 54.53855481408426 53.77615452971041 57.947040014013425 62.04584156846954 65.60263606648147 60.45188013981248 60.90762502578695 97.95648076359863 100.72478760076174 56.78644311973625 66.59644471311879 66.64652149611597 78.70820119648255 83.73809400143945 63.48306894021135 61.88583985862596 106.08405555347355 105.98207128691492 107.77634563892137 107.1503044408036 109.10003933369724 92.36015617652207 108.16858454229579 87.6228348208429 88.10247407093267 98.8162500973593 98.3305359953601 67.360099613243 97.18902189940823 104.00204288040439 100.91487894268516 100.6316390827508
23.0 31.570112548007387 38.28238859978682 24.895424304817503 45.838357308812306 53.248195660040096 79.63058262627438 89.3037643264788 107.04800266281786 18.283776260945757 11.989783077778014 5.579644493026953 0.0 4.328022485314307 16.049444569653073 21.746009547232145 32.93532347896982 33.16680766638547 38.44037917262605 51.85838695431738 55.38070303177416 62.132498673508664 77.07026707290937 86.71965376482375 83.58554561917614 96.77248139395854 96.71977391367983 104.67012685370298 84.5951250401952 91.79620943005732 91.72554169785704 97.97507996852278 100.10944695864032 102.48479789833166 66.76207713827966 69.65030475763525 71.3808550843918 74.07338736500651 79.63159626025327 89.58258816003436 94.64028377615317 99.33975620148962 103.99712210349949 108.6697970128666 102.50704923005661 43.752196325344634 48.958910321056784 48.19651003693712 52.36739552221819 56.466197077150284 60.02299157525768 54.872235646609965 55.32798053157044 103.53612525644421 106.30443209364495 51.20679862676653 61.0168002198113 61.0668770036185 73.12855670345978 78.15844951007695 57.903424448815585 56.30619536404248 111.66370004679291 111.56171577955996 113.35599013193928 112.72994893287964 114.679683826217 86.7805116828817 113.7482290354613 93.20247931368978 93.68211856472502 104.39589458984236 103.91018048995957 61.78045512005946 91.60937740219693 98.42239838685089 95.33523445105915 106.21128357268282
24.0 35.89813503348863 42.610411085062914 29.223446790219114 50.166379794044886 57.576218145299364 83.95860511130446 93.6317868117485 111.37602514818218 22.611798746360094 16.31780556314483 9.907666978215506 4.328022485314307 0.0 11.721422084629268 17.417987061453218 28.607300993706303 28.83878518119094 34.112356684481824 47.53036447017847 51.05268054797731 57.80447618866634 81.39828955808743 91.04767625023209 87.91356810444691 101.10050387935044 101.04779639919518 108.99814933889454 88.9231475252227 96.1242319153614 96.05356418315336 102.30310245358244 104.43746944391191 106.81282038363824 62.43405465146824 65.32228227331291 67.05283259909007 69.74536487861386 75.30357377387463 93.91061064538684 98.96830626133121 103.66777868702671 108.32514458875669 112.99781949796667 106.83507171535658 39.42417384042102 44.63088783588189 43.86848755170853 48.03937303573855 52.138174590990616 55.69496909219027 50.54421316439746 50.99995804681422 107.86414774161197 110.63245457895462 46.87877614154533 56.68877773473991 56.738854517887795 68.80053421900048 73.83042702539441 53.5754019624121 51.97817288040398 115.99172253213123 115.88973826486588 117.68401261789492 117.05797141805513 119.00770631132161 82.45248919744013 118.07625152105378 97.53050179895993 98.01014104968823 108.72391707492429 108.23820297387493 57.452432631801294 87.28135491820824 94.0943759012948 91.00721196463468 110.53930605863685
26.0 47.61955711794769 54.33183316937264 40.94486887455514 61.88780187834854 69.29764022956915 95.68002719571089 105.3532088959011 123.09744723232554 34.333220830383276 28.039227647590874 21.629089062560357 16.049444569653073 11.721422084629268 0.0 5.696564977496651 16.885878907806347 17.11736309667914 22.390934602405423 35.808942386466754 39.331258462942834 46.083054103996474 93.11971164221714 102.76909833430841 99.63499018866712 112.82192596346059 112.76921848389523 120.7195714233669 100.64456960919503 107.84565399902839 107.77498626718705 114.0245245378097 116.15889152774236 118.53424246767509 50.71263256937317 53.600860190602695 55.33141051268825 58.023942793879534 63.58215169056203 105.63203272940852 110.68972834530982 115.38920077148015 120.04656667258931 124.71924158182676 118.55649379969384 27.702751755951848 32.9094657513416 32.147065467439155 36.317950952644374 40.416752506319085 43.973547006221295 38.82279108091108 39.27853596069598 119.58556982674939 122.35387666333135 35.15735405761343 44.96735565118838 45.017432433560906 57.07911213486627 62.10900493995594 41.85397987829592 40.25675079510698 127.71314461623132 127.61116034908848 129.40543470227044 128.77939350295784 130.7291283960492 70.73106711300369 129.79767360522584 109.25192388316793 109.73156313333511 120.4453391596341 119.95962505883406 45.7310105344079 75.55993283534688 82.37295381691128 79.28578988100486 122.26072814412827
27.0 53.316122095381004 60.028398146633045 46.641433852058775 67.58436685578363 74.99420520715287 101.37659217315475 111.04977387361188 128.79401221028837 40.02978580805966 33.73579262369291 27.325654040028148 21.746009547232145 17.417987061453218 5.696564977496651 0.0 11.189313931359369 11.420798119182408 16.694369624906038 30.11237740671954 33.63469348651998 40.38648912565586 98.81627661958328 108.46566331181428 105.33155516582302 118.51849094050473 118.46578346051007 126.41613640056659 106.34113458651055 113.54221897633673 113.47155124461293 119.72108951468401 121.8554565049331 124.23080744485165 45.0160675919088 47.90429521257617 49.63484553796268 52.32737781794362 57.8855867170363 111.32859770647792 116.38629332260544 121.08576574845938 125.74313165051345 130.41580655955804 124.25305877667651 22.006186779086985 27.212900773467624 26.450500490527578 30.621385974890618 34.720187529378634 38.27698202878064 33.12622610407202 33.58197098776546 125.28213480375445 128.0504416411335 29.46078908004834 39.27079067353941 39.32086745707099 51.382547154989915 56.41243995913406 36.15741489807788 34.5601858175051 133.40970959363602 133.30772532745962 135.10199967982592 134.47595848008922 136.42569337196142 65.03450213641685 135.49423858253232 114.94848886061388 115.42812811120018 126.14190413665597 125.65619003663535 40.034445573850235 69.86336785907838 76.67638883882323 73.58922490154247 127.95729311987651
29.0 64.50543602625675 71.21771207823384 57.830747783563055 78.77368078752778 86.18351913972185 112.56590610417469 122.23908780759777 139.98332614246092 51.21909973875307 44.92510655665329 38.514967970355556 32.93532347896982 28.607300993706303 16.885878907806347 11.189313931359369 0.0 12.044872710857643 5.505055692857547 18.923063476927116 22.445379553643974 29.19717519249467 110.00559055050866 119.65497724400325 116.52086909763231 129.70780487235328 129.6550973927587 137.60545033251873 117.53044851781706 124.73153290887555 124.66086517653802 130.91040344730158 133.0447704360704 135.42012137717745 33.826753659521614 36.71498127998044 38.44553160417457 41.13806388517732 46.69627278170789 122.51791163802389 127.57560725486834 132.2750796799033 136.9324455823193 141.60512049230152 135.4423727081941 22.630261369331503 27.836975363875773 27.074575081188136 19.43207204321428 23.530873597037846 27.087668097425073 21.936912167337177 22.39265705541847 136.4714487360448 139.23975557393587 30.08486367120056 39.89486526404688 39.94494204876584 40.19323322436531 45.22312603091579 24.968100970583382 23.370871883906702 144.59902352614014 144.49703926133537 146.29131361105394 145.66527241159645 147.61500730591433 53.84518820193877 146.68355251392796 126.1378027922317 126.61744204299676 137.3312180678137 136.84550396931382 28.84513163929513 58.67405392492177 65.48707490879846 62.399910970440814 139.14660705124413
30.0 64.73692021425033 71.44919626593033 58.06223197106977 79.00516497492514 86.4150033263068 112.7973902917015 122.4705719926136 140.21481032916753 51.45058392735858 45.15659074399427 38.74645215934704 33.16680766638547 28.83878518119094 17.11736309667914 11.420798119182408 12.044872710857643 0.0 17.549928403049574 30.967936185719765 34.490252263299126 41.24204790296105 110.2370747385751 119.88646143090972 116.75235328490767 129.93928905972012 129.886581579752 137.83693451935747 117.76193270561947 124.96301709569738 124.89234936283486 131.14188763410422 133.27625462442154 135.65160556447324 45.87162637392791 48.759853989961336 50.49040431826241 53.182936597345034 58.74114548916539 122.74939582570069 127.80709144175775 132.50656386775134 137.16392976950561 141.8366046779172 135.67385689595037 10.58538865947444 15.792102654507326 15.02970237167339 31.47694475431343 35.57574630740957 39.13254080852201 33.981784881930665 34.43752976645583 136.70293292209274 139.4712397591619 18.039990960424653 27.849992553210633 27.90006933680649 52.2381059388737 57.26799874028422 37.01297367967262 35.415744595914305 144.83050771258928 144.72852344535477 146.52279779853535 145.89675659932627 147.84649149161578 65.89006091446178 146.9150367013063 126.36928698012301 126.84892623013351 137.5627022559343 137.0769881550959 40.89000435110543 70.71892663286303 77.531947619778 74.44478368335092 139.37809123896255
31.0 70.01049171779593 76.72276777054273 63.33580347685475 84.27873647967519 91.68857483144356 118.07096179747148 127.74414349482632 145.48838183714193 56.7241554316891 50.43016224992601 44.020023662813244 38.44037917262605 34.112356684481824 22.390934602405423 16.694369624906038 5.505055692857547 17.549928403049574 0.0 13.418007783444226 16.940323861250008 23.692119500090087 115.51064624499827 125.16003293523875 122.02592479049676 135.21286056369505 135.1601530843079 143.1105060242844 123.03550421128546 130.23658860137527 130.16592086860425 136.4154591384447 138.54982612999424 140.92517706826357 28.32169796617374 31.209925586483592 32.94047591140602 35.633008191291445 41.19121708821623 128.02296733087752 133.0806629477125 137.78013537365752 142.4375012747128 147.1101761845537 140.9474284010174 28.135317062034368 33.34203106657912 32.57963077389958 13.927016349888447 18.02581790510106 21.582612404751032 16.431856479167774 16.887601361332198 141.97650442808154 144.7448112644176 35.58991936383251 45.39992095652386 45.44999774267271 34.68817753177496 39.718070337092996 19.463045275807243 17.865816192345775 150.10407922032113 150.00209495424704 151.79636930757434 151.17032810795007 153.12006300339718 48.34013250928254 152.18860820666538 131.64285848612184 132.1224977353239 142.8362737615643 142.3505596619017 23.340075949378626 53.16899823274676 59.98201921548486 56.89485527721187 144.651662744505
36.0 83.42849950326192 90.14077555536127 76.753811260901 97.69674426102246 105.10658261638127 131.48896958413425 141.1621512817583 158.90638961808313 70.14216321695224 63.848170030911376 57.43803144713633 51.85838695431738 47.53036447017847 35.808942386466754 30.11237740671954 18.923063476927116 30.967936185719765 13.418007783444226 0.0 3.5223160775407756 10.274111716214035 128.92865402704842 138.57804071990466 135.44393257208444 148.6308683469017 148.5781608692272 156.5285138071506 136.45351199474436 143.65459638372266 143.58392865246304 149.83346692381892 151.96783391416912 154.34318485014856 14.90369018261186 17.791917803580343 19.522468128306095 22.21500040829491 27.773209304524453 141.44097511288925 146.4986707322419 151.1981431556663 155.85550905811687 160.5281839648826 154.36543618187704 41.55332484688147 46.760038840126825 45.99763855628812 16.479330477134734 20.57813203156408 24.134926531165938 18.984170605354628 19.439915489365404 155.3945122113937 158.16281904446822 49.00792714913648 58.81792874554769 58.86800552729065 21.270169747976748 26.300062553405784 13.188927776174008 11.591698693039593 163.5220870093572 163.4201027443836 165.21437709027285 164.5883358956383 166.53807077910767 34.9221247259546 165.6066159888165 145.06086626904516 145.54050551847004 156.2542815439335 155.7685674458307 25.892390074998332 39.75099044945844 46.56401143523277 43.47684749344068 158.06967052861506
39.0 86.95081558164213 93.66309163362457 80.27612733432815 101.21906033745918 108.6288986925436 135.01128565795818 144.68446736625032 162.42870570279393 73.6644792919146 67.37048611018376 60.960347526939046 55.38070303177416 51.05268054797731 39.331258462942834 33.63469348651998 22.445379553643974 34.490252263299126 16.940323861250008 3.5223160775407756 0.0 10.180552486187118 132.45097010460603 142.10035679754571 138.96624864933932 152.15318442385913 152.1004769452558 160.05082988346066 139.97582807063156 147.17691246163844 147.106244730204 153.3557829990932 155.49014998683248 157.86550093054913 14.810130953330255 17.698358574013284 19.42890889866247 22.12144117859657 27.679650077140757 144.9632911929757 150.02098680979708 154.7204592351241 159.37782513451552 164.05050004190048 157.88775226138688 45.07564092166744 50.28235492125481 49.519954636592196 20.00164655460285 24.100448108988832 27.65724260861637 22.506486682915053 22.962231567187217 158.91682829519794 161.68513512483437 52.53024322488824 62.34024482232111 62.39032160517104 21.176610518401635 26.206503323899884 16.711243853499333 15.114014770549867 167.04440308393785 166.94241881845988 168.73669316839226 168.11065196449448 170.0603868616636 34.828565495930675 169.1289320677756 148.583182345534 149.06282159664661 159.7765976208424 159.29088352265853 29.41470615249382 39.657431219931695 46.470452201916174 43.38328826394654 161.59198660513766
40.0 93.70261122165209 100.41488727340194 87.0279229757657 107.97085597757848 115.38069433072772 141.76308129716597 151.43626300154588 169.18050134123908 80.41627493236948 74.122281749574 67.7121431627672 62.132498673508664 57.80447618866634 46.083054103996474 40.38648912565586 29.19717519249467 41.24204790296105 23.692119500090087 10.274111716214035 10.180552486187118 0.0 139.20276574359434 148.85215243385204 145.7180442884991 158.90498006371183 158.85227258495254 166.80262552580166 146.7276237109993 153.92870809845974 153.85804036860327 160.10757863944514 162.24194562780434 164.61729656774395 4.6295784664306625 7.517806086942824 9.248356411685648 11.940888691666064 17.499097587752342 151.71508682814766 156.77278244965396 161.47225487362033 166.12962077110672 170.80229568113003 164.6395479009097 51.82743656332815 57.03415056024262 56.2717502752429 26.753442193624334 30.85224374803148 34.40903824760541 29.258282322073235 29.714027206147527 165.66862393513793 168.43693077105627 59.28203886307813 69.09204045940689 69.14211724691862 10.996058031352668 16.025950836978563 23.46303949269081 21.865810409394 173.79619872035977 173.69421445133315 175.48848880824164 174.86244761049926 176.81218249877418 24.648013009420833 175.88072770744378 155.3349779851443 155.81461723510546 166.52839326078538 166.04267916074596 36.16650179152323 29.476878732979337 36.289899715515 33.20273577755592 168.3437822435443
42.0 45.50015452487734 38.78787847332076 52.17484276811178 31.231909764198942 23.8220714128911 33.81858909136132 43.491770791787275 61.23600912852487 58.7864908119286 65.08048399528047 71.49062257962957 77.07026707290937 81.39828955808743 93.11971164221714 98.81627661958328 110.00559055050866 110.2370747385751 115.51064624499827 128.92865402704842 132.45097010460603 139.20276574359434 0.0 23.44528015108338 20.31117200641181 33.49810778228596 33.44540030242174 41.39575324189589 7.524857967117192 14.725942357207975 14.65527462459017 20.904812895641996 23.03917988569957 25.414530825770115 143.83234421016908 146.72057183182963 148.45112215553524 151.1436544351166 156.70186333748717 26.30821454741716 31.365910164205857 36.0653825901136 40.72274849166853 45.395423400898814 39.23267561828457 120.82246339764716 126.0291773935324 125.26677710888416 129.43766259504588 133.53646414752842 137.09325864925594 131.94250272209368 132.39824760875842 57.72413172214439 60.49243855943797 128.27706569918593 138.0870672921544 138.13714407456945 150.1988237765576 155.22871658114758 134.97369151842656 133.37646243634117 65.85170651227263 65.74972224554995 67.54399659820683 66.91795539932643 68.8676902919388 163.85077875793615 50.47385542372203 16.132212240990945 16.61185149121813 27.32562751694628 26.839913416360634 138.8507221920127 168.67964447491443 175.49266545919033 172.4055015208561 29.1410164995293
43.0 55.14954121699584 48.43726516523579 61.82422946032652 40.881296456311375 33.47145810500806 43.46797578337154 53.14115748404422 70.88539582042566 68.43587750417569 74.72987068736158 81.14000927207286 86.71965376482375 91.04767625023209 102.76909833430841 108.46566331181428 119.65497724400325 119.88646143090972 125.16003293523875 138.57804071990466 142.10035679754571 148.85215243385204 23.44528015108338 0.0 13.457770410874634 10.05282762907014 10.000120148924829 17.950473088828474 30.97013812028584 38.17122251019305 38.10055477845523 44.350093048796296 46.48446003728998 48.85981097875413 153.48173090477482 156.36995852348056 158.10050884757612 160.79304113252894 166.35125003128232 19.454812950685707 24.512508566901055 29.211980992380862 33.86934689431739 38.54202180356001 15.787395464978951 130.4718500901945 135.67856408533612 134.91616380187583 139.08704928644693 143.18585084078558 146.7426453419413 141.59188941290597 142.04763429938967 67.37351841407846 70.14182525131451 137.92645239111738 147.73645398462847 147.78653076772187 159.8482104700514 164.8781032730633 144.62307820907915 143.02584912878237 75.50109320409331 75.39910893747951 77.19338329052978 76.56734209124109 78.51707698412984 173.50016544612944 43.62045382609266 39.5774923948037 40.05713164460023 50.77090767042178 50.28519356979624 148.50010888105987 178.32903116943112 185.142052150808 182.05488821317203 52.58629665337027
44.0 52.01543307154836 45.303157019799585 58.69012131439716 37.747188310626186 30.337349959471386 40.33386763931651 50.007049338064135 67.75128767481377 65.3017693584038 71.59576254145645 78.00590112626536 83.58554561917614 87.91356810444691 99.63499018866712 105.33155516582302 116.52086909763231 116.75235328490767 122.02592479049676 135.44393257208444 138.96624864933932 145.7180442884991 20.31117200641181 13.457770410874634 0.0 23.510598038701918 23.45789055873259 31.40824349877889 27.836029974536974 35.03711436430635 34.966446632530726 41.215984903003005 43.350351892161726 45.72570283309247 150.347622756915 153.23585037532695 154.9664006993758 157.6589329832759 163.21714187953998 5.997042540955499 11.054738156825303 15.75421058265991 20.411576484286503 25.08425139340567 29.24516587491864 127.33774194470891 132.5444559395499 131.78205565556647 135.95294114361258 140.05174269610512 143.60853719314215 138.45778126812712 138.91352614899387 64.23941026837187 67.00771710537845 134.79234424522406 144.60234583856743 144.65242262173194 156.71410232119112 161.74399512809686 141.4889700648622 139.8917409811499 72.36698505881144 72.26500079171024 74.0592751448864 73.43323394579048 75.38296883858445 170.36605730043811 30.162683416400668 36.44338424842315 36.923023499052796 47.63679952415852 47.151085424007434 145.36600073606965 175.19492302461578 182.00794400668795 178.9207800696364 49.45218850813063
46.0 65.20236884622814 58.49009279450833 71.87705708912307 50.9341240854377 43.52428573389895 53.52080341242124 63.19398511339849 80.93822344966942 78.48870513285472 84.78269831607085 91.19283690122192 96.77248139395854 101.10050387935044 112.82192596346059 118.51849094050473 129.70780487235328 129.93928905972012 135.21286056369505 148.6308683469017 152.15318442385913 158.90498006371183 33.49810778228596 10.05282762907014 23.510598038701918 0.0 9.946631559813838 7.89764545975739 41.022965749326396 48.22405013927569 48.15338240712731 54.402920677813015 56.53728766808846 58.91263860747739 163.53455853243628 166.42278615607833 168.15333648176784 170.8458687487245 176.40407764779508 29.507640579458744 34.56533619598585 39.26480862189435 43.92217452312315 48.59484943197967 15.733906875760974 140.52467771913518 145.73139171456228 144.96899143086375 149.13987691358915 153.23867846837186 156.79547296909544 151.6447170418491 152.10046192767385 77.42634604308776 80.19465288020486 147.9792800202423 157.7892816132611 157.83935839642712 169.9010380958452 174.93093090124665 154.6759058420475 153.07867675679307 85.55392083338214 85.45193656642427 87.24621091936126 86.6201697205118 88.56990461337378 183.55299307439566 53.673281454384295 49.630320023391505 50.10995927400365 60.82373529922714 60.33802119930572 158.55293651446325 188.38185880406326 195.19487978053587 192.10771584540387 62.639124282746586
47.0 65.14966136579771 58.437385314733675 71.82434960934393 50.881416605312964 43.4715782542559 53.468095931342404 63.141277633061655 80.88551596958828 78.43599765282322 84.72999083617059 91.14012942123756 96.71977391367983 101.04779639919518 112.76921848389523 118.46578346051007 129.6550973927587 129.886581579752 135.1601530843079 148.5781608692272 152.1004769452558 158.85227258495254 33.44540030242174 10.000120148924829 23.45789055873259 9.946631559813838 0.0 17.844277019568313 40.97025826942306 48.17134265928341 48.10067492752236 54.35021319773669 56.484580187902765 58.85993112774395 163.4818510510782 166.37007867181626 168.10062899424472 170.79316127792697 176.35137017466184 29.454933099589425 34.51262871538388 39.21210114190326 43.869467043572484 48.542141952428324 5.787275316128593 140.47197023916664 145.678684235216 144.91628395014126 149.08716943290648 153.18597099162204 156.7427654900804 151.5920095602306 152.04775445067463 77.37363856287698 80.14194540028862 147.92657254016527 157.73657413381724 157.78665091698002 169.84833061734258 174.87822342468877 154.62319835889298 153.02596927683027 85.5012133535901 85.39922908663385 87.1935034394303 86.56746224039568 88.51719713381604 183.50028558929193 53.62057397387707 49.577612543609675 50.05725179379246 60.77102781931125 60.28531371877848 158.50022903319086 188.3291513186828 195.14217230211415 192.05500836604892 62.586416802601335
48.0 73.1000143060374 66.38773825424902 79.77470254907843 58.831769545601475 51.42193119405485 61.41844887234443 71.09163057283737 88.83586890951966 86.38635059297047 92.68034377608828 99.09048236066778 104.67012685370298 108.99814933889454 120.7195714233669 126.41613640056659 137.60545033251873 137.83693451935747 143.1105060242844 156.5285138071506 160.05082988346066 166.80262552580166 41.39575324189589 17.950473088828474 31.40824349877889 7.89764545975739 17.844277019568313 0.0 48.92061120925883 56.12169559892473 56.051027866856394 62.30056613759621 64.43493312752551 66.81028406760842 171.43220399146824 174.3204316133656 176.05098193576487 178.7435142187698 184.30172311386082 37.40528603946766 42.46298165549182 47.16245408211217 51.81981998250794 56.492494891296076 23.631552335651122 148.42232317935014 153.62903717384478 152.86663689022708 157.0375223732758 161.13632392718006 164.6931184276218 159.54236250252018 159.99810738870323 85.32399150281535 88.09229834014299 155.87692548002502 165.68692707331206 165.73700385573414 177.79868355673182 182.8285763631444 162.57355130356154 160.97632221763305 93.45156629336454 93.34958202628411 95.14385637880014 94.51781518032675 96.46755007306643 191.45063853335398 61.57092691476892 57.52796548321319 58.00760473341208 68.72138075916013 68.2356666586987 166.45058197128665 196.27950425423214 203.09252524477466 200.005361307776 70.53676974304707
49.0 53.02501249206671 46.31273644049895 59.69970073521719 38.75676773145081 31.346929380164905 41.34344705840928 51.016628759177905 68.76086709602566 66.31134877916571 72.60534196247016 79.01548054736547 84.5951250401952 88.9231475252227 100.64456960919503 106.34113458651055 117.53044851781706 117.76193270561947 123.03550421128546 136.45351199474436 139.97582807063156 146.7276237109993 7.524857967117192 30.97013812028584 27.836029974536974 41.022965749326396 40.97025826942306 48.92061120925883 0.0 7.201084390145011 7.130416657851762 13.379954928507749 15.514321918549 17.889672858346387 151.3572021773536 154.24542979776618 155.97598012262097 158.66851240233075 164.22672129972648 33.83307251550068 38.89076813139369 43.59024055734304 48.2476064589317 52.92028136784482 46.757533585373395 128.34732136488208 133.55403536013586 132.791635076458 136.9625205607246 141.06132211546083 144.61811661502415 139.46736068999968 139.92310557198442 65.24898968917634 68.01729652607804 135.80192366677522 145.6119252593041 145.66200204219786 157.72368174252193 162.75357454781795 142.49854948587426 140.90132040503192 73.3765644791412 73.27458021211908 75.0688545646986 74.44281336622637 76.39254825974137 171.37563672034463 57.99871339090146 8.607354273972804 9.086993524442018 19.80076954957233 19.3150554499823 146.37558015961838 176.20450244415895 183.0175234260209 179.9303594884385 21.616158533586372
