0.0 2.0 3.0 4.0 5.0 6.0 11.0 13.0 16.0 18.0 20.0 21.0 23.0 24.0 26.0 27.0 29.0 30.0 31.0 36.0 39.0 40.0 42.0 43.0 44.0 46.0 47.0 48.0 49.0 50.0 51.0 52.0 53.0 54.0 57.0 59.0 61.0 62.0 63.0 65.0 66.0 67.0 68.0 69.0 70.0 73.0 74.0 75.0 76.0 78.0 79.0 80.0 81.0 82.0 83.0 84.0 86.0 87.0 88.0 89.0 90.0 91.0 92.0 94.0 95.0 96.0 97.0 98.0 100.0 101.0 102.0 104.0 105.0 107.0 109.0 110.0 111.0 112.0
2.0 0.0 5.7981313146409015 5.798131315788217 11.596262630451616 17.409708860588168 37.57945256314375 40.035606191763094 43.7572072329952 11.511295890526657 17.156628288912863 22.801960686946884 28.44729308500162 38.44729308527599 49.84819011455559 55.42581545509699 70.61863640045254 71.09207128178019 76.93959058578325 99.69774402435849 114.66375758863767 116.54121775296566 40.26848576526909 45.95003108831855 49.165275728387144 64.80020368321641 65.29650525016375 73.2154368153915 49.71386524718636 57.98457679003424 59.16858385789355 67.54216466510934 73.37433760411238 78.81130836334557 133.83872236727666 139.7451946784609 143.51432263732983 156.03820969104885 151.96511456803427 55.71961851058407 63.64987235314091 73.51760074482624 81.89564995366811 90.97844175917848 74.40642295955317 89.3052438335451 97.9828832492675 98.44386659257741 94.57923048792092 104.57923048734003 114.42809688009018 108.30895723995741 108.10921865736927 44.837722405460774 47.415532533759446 97.1874386852394 116.48848517668773 117.62070286070346 143.83872236672377 153.81664819978627 106.0130340018454 105.19602831262316 57.28955013715192 49.13137698260009 55.530914976605466 50.62999574924517 65.17285836817234 171.7008835257729 100.9069141250163 69.16514296579315 69.14425787188262 86.726720825667 87.319513696426 117.35896225001673 176.49991061653907 189.87825402166067 190.2738230760402 96.91712782157552
3.0 5.7981313146409015 0.0 11.596262631334247 5.798131315388078 11.611577545389387 31.78132124905463 34.23747487806213 37.95907591665208 17.309427206050458 22.9547596039543 28.600092002226837 34.24542440021743 44.24542440064586 55.646321429714746 61.2239467708834 76.41676771570177 76.89020259714428 82.73772190197958 105.49587533855893 120.46188890617572 122.33934906723641 34.47035444938818 40.15189977365033 43.367144413221546 59.002072369132925 59.4983739346511 67.41730549906727 43.915733930886944 52.18644547396288 53.37045254384973 61.74403335054165 67.57620628956964 73.01317704904343 139.63685368145462 145.54332599185545 149.31245394500095 161.83634100673595 157.7632458770454 49.92148719548838 57.85174103736645 67.71946942890854 76.09751863846122 85.18031044206658 68.6082916444178 95.10337514889022 103.78101456453965 104.24199790765131 100.37736180308937 110.3773618030027 120.22622819543233 114.10708855635056 113.90734997265176 39.03959108947348 41.61740121809607 102.98557000050096 122.28661649190688 123.41883417589834 149.63685368408628 159.61477951416646 111.81116531714494 110.9941596274708 51.49141882134907 43.333245668507864 49.73278366143343 44.8318644348334 59.37472705307905 177.49901484055454 95.10878280954398 63.367011651022054 63.34612655577561 80.92858951027779 81.52138238120946 123.15709356634535 182.29804195599795 195.6763853325438 196.07195437785282 91.11899650616206
4.0 5.798131315788217 11.596262631334247 0.0 17.39439394610691 23.2078401761607 43.3775838803583 45.833737507288106 49.55533854815043 5.713164575429046 11.358496973490345 17.003829371596936 22.64916176949971 32.649161770057916 44.05005879932113 49.62768414082082 64.82050508542072 65.29393996637623 71.1414592717242 93.89961270875028 108.86562627445733 110.74308643549932 46.066617080185885 51.748162404058995 54.96340704471072 70.59833499925804 71.09463656391799 79.0135681302806 55.51199656236775 63.782708105430174 64.9667151727959 73.34029597962801 79.17246891902032 84.6094396781543 128.04059105326246 133.94706335919116 137.71619131808373 150.24007835453696 146.16698326745953 61.51774982657832 69.44800366751733 79.31573206032525 87.69378126930418 96.7765730720739 80.20455427561063 83.50711251819753 92.18475193367055 92.6457352771146 88.78109917254457 98.78109917271257 108.62996556475952 102.51082592457144 102.31108734130902 50.63585372029776 53.21366384897061 91.38930737024253 110.69035386195345 111.82257154463778 138.04059105395018 148.01851688186522 100.21490268637747 99.39789699746075 63.08768145180109 54.92950829921804 61.32904629243645 56.42812706439173 70.97098968339657 165.90275222255718 106.70504544037138 74.9632742829863 74.94238918724122 92.52485214039365 93.11764501178926 111.5608309355699 170.70177932109948 184.08012273521928 184.47569176498496 102.71525913654844
5.0 11.596262630451616 5.798131315388078 17.39439394610691 0.0 5.813446229936705 25.98318993396001 28.439343561925 32.16094460164324 23.107558521269652 28.752890919525747 34.3982233172844 40.043555715808154 50.043555715943015 61.44445274476077 67.0220780862827 82.21489903081871 82.68833391303937 88.53585321740766 111.29400665417671 126.26002022108082 128.13748038038992 28.67222313376698 34.35376845856588 37.56901309841323 53.20394105313542 53.7002426193346 61.61917418313838 38.117602616040685 46.38831415998518 47.57232122669565 55.94590203378236 61.77807497434917 67.21504573231125 145.43498499949038 151.34145730558166 155.11058526013917 167.63447231344958 163.5613772039854 44.12335587980371 52.05360971905363 61.9213381135949 70.29938732280134 79.3821791268211 62.81016032931181 100.90150646444259 109.57914588011965 110.04012922321003 106.17549311911137 116.17549311862928 126.02435951030391 119.90521987168559 119.70548128834596 33.24145977415807 35.819269903168625 108.783701316227 128.08474780645616 129.21696549088907 155.434984997571 165.41291082479012 117.60929663237273 116.7922909429405 45.6932875066674 37.53511435207669 43.934652345552045 39.03373311873948 53.576595737836286 183.29714616564834 89.3106514954025 57.56888033584821 57.54799524127548 75.13045819459907 75.72325106535041 128.95522488038657 188.09617327104627 201.47451665027978 201.87008567370822 85.32086519117175
6.0 17.409708860588168 11.611577545389387 23.2078401761607 5.813446229936705 0.0 20.169743703711283 22.625897332321912 26.347498372037187 28.921004750727736 34.56633714946782 40.21166954723133 45.85700194582187 55.857001945797755 67.25789897465279 72.83552431616597 88.02834526109939 88.50178014255485 94.3492994471492 117.10745288514187 132.07346645181002 133.95092661423263 22.8587769037422 28.540322228719003 31.75556686873913 47.390494821474164 47.88679638873985 55.80572795339769 32.304156385471934 40.57486792860072 41.758874998185476 50.1324558051619 55.96462874312397 61.401599502646356 151.24843122977518 157.15490353500047 160.9240314974931 173.447918534451 169.3748234353065 38.309909650552356 46.24016349076102 56.1078918843991 64.48594109269546 73.56873289834141 56.996714099156385 106.71495269392057 115.3925921102112 115.85357545341942 111.98893934911695 121.98893934930481 131.83780574079736 125.71866610056031 125.51892751893965 27.428013543971268 30.00582367281412 114.59714754598764 133.89819403731332 135.0304117212895 161.2484312312362 171.2263570579413 123.42274286237432 122.60573717297237 39.87984127633873 31.721668122424532 38.12120611478738 33.22028688877684 47.76314950740597 189.11059238764557 83.49720526356187 51.75543410591338 51.734549011102125 69.31701196469373 69.90980483557681 134.76867111059758 193.90961950679392 207.28796289179365 207.68353194499917 79.5074189607812
11.0 37.57945256314375 31.78132124905463 43.3775838803583 25.98318993396001 20.169743703711283 0.0 21.77324603592954 25.49484707586106 49.09074845506123 54.73608085254682 60.38141325105298 66.02674564919367 76.02674564935285 87.42764267773225 93.00526801946846 108.19808896408841 108.67152384541089 114.51904315085685 137.27719658750615 152.24321015165748 154.12067031680292 31.421512118006586 37.103057442397585 40.31830208221397 55.953230036755826 56.44953160326726 64.36846316768872 40.866891599352556 49.13760314283313 50.32161021135757 58.695191017966884 64.52736395653488 69.96433471638308 171.41817493355074 177.32464724111645 181.093775202139 193.6176622429697 189.54456713288164 46.872644864136234 54.80289870521901 64.67062709753014 73.04867630692557 82.13146811028196 65.55944931273461 126.88469639718339 135.56233581337762 136.02331915644066 132.15868305132057 142.1586830512867 152.00754944389004 145.8884098034531 145.68867122225106 26.575362248094244 29.15317237712143 134.76689124878547 154.0679377404166 155.20015542439927 181.41817493186565 191.39610076350345 143.59248656551677 142.77548087547365 39.02718998036762 30.86901682641662 37.268554819169886 32.367635593296036 46.91049821131568 209.28033609746277 92.05994047828464 60.31816931938191 60.29728422424755 77.87974717820714 78.47254004996407 154.93841481394838 214.07936319260082 227.4577066058505 227.85327561617623 88.07015417446446
13.0 40.035606191763094 34.23747487806213 45.833737507288106 28.439343561925 22.625897332321912 21.77324603592954 0.0 22.676103078367028 51.5469020841414 57.19223448172319 62.83756687848957 68.48289927737349 78.48289927738176 89.88379630648468 95.46142164765237 110.6542425929287 111.12767747420523 116.9751967791746 139.73335021549647 154.69936378184815 156.5768239417636 33.87766574613144 39.55921107319113 42.7744557124199 58.40938366518009 58.90568523102479 66.82461679608093 43.32304522725491 51.59375677155932 52.77776383940106 61.15134464601232 66.98351758551564 72.42048834417395 173.87432855923265 179.78080086734803 183.54992882883107 196.07381586523394 192.00072076269367 49.32879849207614 57.259052333349494 67.12678072622022 75.50482993478496 84.58762173764475 68.01560294085688 129.34085002620208 138.0184894412036 138.47947278483173 134.6148366795293 144.61483667997902 154.4637030722181 148.34456343283588 148.14482484974832 23.75661825071552 26.334428379623702 137.22304487714166 156.52409136853282 157.6563090526787 183.87432855755284 193.8522543868841 146.04864019385417 145.23163450506036 36.2084459828739 28.050272828941264 34.44981082174329 29.548891595394885 44.09175421374029 211.7364897224009 94.51609410619209 62.774322948005064 62.75343785250721 80.33590080718486 80.9286936776246 157.39456844214936 216.53551683161973 229.91386020522827 230.3094292351078 90.52630780339183
16.0 43.7572072329952 37.95907591665208 49.55533854815043 32.16094460164324 26.347498372037187 25.49484707586106 22.676103078367028 0.0 55.26850312330686 60.91383552218126 66.55916791961523 72.20450031741345 82.20450031738432 93.60539734712458 99.18302268797854 114.37584363315094 114.84927851444368 120.69679781835123 143.45495125554805 158.4209648217983 160.29842498629085 37.59926678602707 43.28081211065792 46.4960567506222 62.13098470536427 62.627286271250625 70.54621783596738 47.04464626745475 55.315357811382555 56.49936487925957 64.87294568610037 70.70511862539827 76.14208938456662 177.595929601709 183.50240190646747 187.2715298684814 199.79541691859112 195.7223218005008 53.05039953204814 60.98065337359577 70.8483817665658 79.22643097498889 88.30922277873474 71.73720398115883 133.0624510665151 141.74009048213293 142.20107382471778 138.3364377196624 148.33643772056615 158.18530411143206 152.06616447391235 151.8664258884063 23.07354193273398 25.651352061507822 140.94464591843916 160.24569240791428 161.3779100928351 187.59592959898964 197.57385542898894 149.77024123332745 148.95323554456368 35.52536966494126 22.403303495811073 28.802841488626107 23.90192226230135 38.4447848805479 215.45809075180293 98.23769514675234 66.4959239880714 66.47503889265646 84.0575018470923 84.65029471755915 161.11616948277322 220.25711786250795 233.63546125789128 234.03103030028478 94.24790884296654
18.0 11.511295890526657 17.309427206050458 5.713164575429046 23.107558521269652 28.921004750727736 49.09074845506123 51.5469020841414 55.26850312330686 0.0 5.64533239814334 11.29066479617278 16.935997194401146 26.935997194582903 38.336894223768006 43.9145195664812 59.1073405096874 59.58077539129172 65.42829469358477 88.18644813368914 103.15246170003711 105.02992186413078 51.77978165482577 57.46132698001439 60.676571619832856 76.3114995747391 76.80780113925016 84.726732705017 61.225161136361024 69.49587268092753 70.67987974907884 79.05346055628328 84.88563349426232 90.32260425319339 122.32742647647862 128.23389878101017 132.0030267459779 144.52691378855866 140.45381868029176 67.2309144016173 75.16116824220082 85.02889663614724 93.40694584504388 102.4897376479025 85.91771884999034 77.79394794266462 86.47158735847741 86.93257070166827 83.06793459742 93.06793459722958 102.9168009895786 96.7976613493621 96.5979227662729 56.349018296379356 58.926828424500656 85.67614279500202 104.9771892854809 106.10940697026916 132.32742647843398 142.30535230955934 94.50173811105284 93.68473242242837 68.80084602716653 60.64267287363262 67.04221086769013 62.14129164167069 76.68415425838593 160.18958762490666 112.41821001517815 80.67643885670337 80.65555376224584 98.23801671599657 98.83080958702631 105.84766636056548 164.98861475642147 178.36695811725403 178.76252717299332 108.4284237112281
20.0 17.156628288912863 22.9547596039543 11.358496973490345 28.752890919525747 34.56633714946782 54.73608085254682 57.19223448172319 60.91383552218126 5.64533239814334 0.0 5.645332398043735 11.290664796248288 21.29066479568059 32.69156182591403 38.26918716693558 53.46200811163682 53.9354429929295 59.78296229758857 82.5411157359304 97.50712930109343 99.38458946486139 57.42511405392581 63.10665937794895 66.32190401762597 81.95683197240982 82.45313353867857 90.37206510397337 66.87049353544332 75.14120507886545 76.32521214630151 84.69879295284787 90.53096589299139 95.96793665164162 116.68209407969596 122.58856638495274 126.35769434729737 138.88158138907903 134.8084862942017 72.87624679971479 80.8065006411214 90.67422903462449 99.05227824262124 108.13507004563908 91.5630512493991 72.1486155448109 80.82625496058584 81.28723830394213 77.42260219937693 87.42260219873799 97.27146859182642 91.152328952119 90.95259036788045 61.99435069375731 64.57216082302884 80.03081039674578 99.33185688762522 100.46407457171333 126.68209407983413 136.66001990672174 88.85640571285214 88.03940002431716 74.4461784264018 66.28800527175207 72.68754326558083 67.78662403849832 82.32948665650031 154.54425524516688 118.06354241388422 86.32177125555035 86.30088616128918 103.88334911444176 104.47614198520057 100.20233396198059 159.34328234835226 172.72162573259016 173.11719478152588 114.07375610940083
21.0 22.801960686946884 28.600092002226837 17.003829371596936 34.3982233172844 40.21166954723133 60.38141325105298 62.83756687848957 66.55916791961523 11.29066479617278 5.645332398043735 0.0 5.645332398152522 15.645332398074283 27.04622942746879 32.623854769658976 47.81667571350731 48.2901105952902 54.13762989981764 76.89578333680292 91.86179690281838 93.73925706632488 63.07044645171424 68.7519917763692 71.96723641596724 87.60216437132547 88.09846593584628 96.01739750193985 72.51582593340557 80.78653747697973 81.97054454492206 90.3441253517951 96.17629829107038 101.61326905032456 111.03676167902974 116.94323398608994 120.71236194466803 133.23624899086164 129.1631538982343 78.52157919753296 86.45183303899807 96.31956143172019 104.69761064068646 113.78040244405135 97.20838364707451 66.50328314685922 75.18092256230624 75.64190590583895 71.77726980102317 81.77726980054996 91.6261361933649 85.50699655337199 85.3072579702701 67.63968309353459 70.2174932206133 74.38547799835231 93.68652448946972 94.81874217390975 121.03676168059823 131.01468751168377 83.21107331514564 82.39406762638188 80.09151082250025 71.9333376697688 78.33287566286397 73.43195643531854 87.97481905438408 148.89892284452262 123.70887481183624 91.96710365357652 91.9462185584774 109.52868151228698 110.12147438307353 94.5570015637097 153.697949947629 167.0762933237387 167.4718623536392 119.71908850845796
23.0 28.44729308500162 34.24542440021743 22.64916176949971 40.043555715808154 45.85700194582187 66.02674564919367 68.48289927737349 72.20450031741345 16.935997194401146 11.290664796248288 5.645332398152522 0.0 9.999999999969809 21.400897029383014 26.97852237082211 42.17134331536013 42.64477819699111 48.4922975000377 71.25045093918352 86.21646450626329 88.09392466692356 68.7157788496471 74.39732417464123 77.61256881427241 93.2474967691897 93.74379833520327 101.66272990004984 78.16115833119498 86.43186987463324 87.61587694309152 95.98945774985962 101.82163068934697 107.25860144813811 105.39142928191978 111.29790158958164 115.06702954877142 127.5909166064513 123.51782150293947 84.1669115960132 92.09716543704039 101.96489382980741 110.34294303849231 119.4257348420681 102.85371604488931 60.85795074876587 69.53559016444575 69.99657350727432 66.13193740297206 76.1319374030934 85.98080379509493 79.86166415525756 79.6619255723426 73.28501548989425 75.86282561789992 68.74014560027484 88.04119209186167 89.17340977567744 115.39142928099268 125.36935511343037 77.56574091716223 76.74873522777703 85.73684322137751 77.57867006776924 83.97820806089491 79.07728883452887 93.62015145271019 143.25359043059828 129.35420721018477 97.61243605159856 97.59155095640547 115.1740139103466 115.76680678108424 88.91166916572102 148.05261756793513 161.43096094907645 161.82652997454855 125.36442090676069
24.0 38.44729308527599 44.24542440064586 32.649161770057916 50.043555715943015 55.857001945797755 76.02674564935285 78.48289927738176 82.20450031738432 26.935997194582903 21.29066479568059 15.645332398074283 9.999999999969809 0.0 11.40089702947392 16.97852237097446 32.17134331541258 32.644778197119734 38.49229750115596 61.25045093982942 76.21646450285637 78.09392466369545 78.71577884943234 84.39732417483063 87.61256881441696 103.24749676895196 103.74379833478744 111.662729900423 88.16115833122458 96.43186987482707 97.61587694319502 105.98945774986197 111.82163068966047 117.25860144812151 95.39142928422044 101.29790158759734 105.06702954986017 117.59091660252099 113.51782149236693 94.16691159621476 102.0971654369359 111.96489382960114 120.34294303875731 129.4257348419345 112.85371604533492 50.85795074855317 59.53559016407223 59.9965735075617 56.131937403084635 66.13193740281599 75.98080379505447 69.8616641555291 69.6619255717346 83.28501548899408 85.86282561829736 58.740145600516186 78.04119209142715 79.17340977590852 105.39142928337566 115.36935511357302 67.56574091758 66.74873522827295 95.73684322163025 87.57867006757274 93.97820806103623 89.07728883389112 103.6201514525245 133.2535904367635 139.35420721009393 107.61243605187943 107.59155095604346 125.17401391069285 125.76680678112658 78.91166916578236 138.0526175478551 151.4309609309768 151.82652997819514 135.36442090625974
26.0 49.84819011455559 55.646321429714746 44.05005879932113 61.44445274476077 67.25789897465279 87.42764267773225 89.88379630648468 93.60539734712458 38.336894223768006 32.69156182591403 27.04622942746879 21.400897029383014 11.40089702947392 0.0 5.577625341495939 20.77044628593763 21.243881167593926 27.091400471106784 49.84955391001276 64.81556747446785 66.69302764054984 90.11667587941051 95.79822120391485 99.01346584373489 114.64839379839908 115.14469536432844 123.06362692942106 99.56205536065161 107.83276690425109 109.01677397272478 117.39035477932836 123.22252771886554 128.65949847727438 83.99053225378488 89.89700456287555 93.66613251852894 106.19001957179438 102.11692446089059 105.56780862519497 113.4980624667472 123.36579085905976 131.7438400672876 140.82663187179446 124.25461307440108 39.457053719297704 48.134693134954965 48.595676478295296 44.731040373760976 54.731040374134835 64.57990676571734 58.46076712568711 58.26102854329511 94.68591251842042 97.26372264762165 47.33924857133409 66.64029506227733 67.77251274594266 93.99053225375162 103.96845808160403 56.164843887867264 55.34783819885698 107.13774025129553 98.9795670969371 105.3791050894617 100.4781858637363 115.02104848165148 121.85269341069247 150.75510423931053 119.01333308084776 118.99244798560588 136.57491094017988 137.16770381067488 67.51077213670911 126.65172051158135 140.03006391125336 140.42563295038644 146.7653179356491
27.0 55.42581545509699 61.2239467708834 49.62768414082082 67.0220780862827 72.83552431616597 93.00526801946846 95.46142164765237 99.18302268797854 43.9145195664812 38.26918716693558 32.623854769658976 26.97852237082211 16.97852237097446 5.577625341495939 0.0 15.192820944561893 15.666255825968108 21.51377513064061 44.27192856927042 59.23794213514827 61.1154022993187 95.69430122032165 101.37584654586993 104.5910911851011 120.2260191403767 120.72232070562018 128.64125227027415 105.13968070147858 113.41039224607957 114.59439931346171 122.96798011993121 128.80015305986575 134.23712381897246 78.41290691098195 84.31937921387154 88.08850718279304 100.61239423035754 96.53929911678603 111.14543396665641 119.07568780714624 128.94341620014742 137.3214654093721 146.40425721319488 129.832238416142 33.87942837785855 42.55706779350481 43.01805113672949 39.153415032273195 49.15341503233412 59.002281424228734 52.88314178525809 52.68340320183292 100.26353786000512 102.84134798936955 41.76162322960828 61.06266972017545 62.19488740474721 88.4129069111564 98.39083274449821 50.5872185462742 49.77021285710854 112.71536559229949 104.5571924384337 110.95673043154505 106.05581120475358 120.59867382336881 116.275068064543 156.3327295806243 124.59095842193511 124.57007332686719 142.15253628186053 142.74532915196178 61.933146795151416 121.07409517573217 134.45243857213214 134.84800760345232 152.34294327696557
29.0 70.61863640045254 76.41676771570177 64.82050508542072 82.21489903081871 88.02834526109939 108.19808896408841 110.6542425929287 114.37584363315094 59.1073405096874 53.46200811163682 47.81667571350731 42.17134331536013 32.17134331541258 20.77044628593763 15.192820944561893 0.0 12.136232618868563 6.320954186316472 29.079107623837714 44.04512119036843 45.92258135257503 110.88712216514486 116.56866749030411 119.78391212939496 135.41884008410184 135.9151416504949 143.83407321623747 120.33250164717016 128.603213189974 129.78722025830544 138.16080106521554 143.99297400465508 149.42994476340525 63.22008596788796 69.12655827041229 72.89568623942262 85.41957328568947 81.34647817849759 126.338254910784 134.26850875229673 144.13623714476643 152.51428635391827 161.59707815667824 145.0250593600793 30.349405170691867 39.02704458637986 39.48802792980375 23.96059408751044 33.96059408762955 43.80946047968629 37.69032083999451 37.4905822568293 115.45635880507808 118.0341689332264 38.23160002262824 57.53264651344723 58.66486419767185 73.22008596950215 83.19801180006877 35.394397601597056 34.577391912716315 127.90818653715863 119.75001338272912 126.14955137511109 121.24863214958786 135.7914947671566 101.08224713627355 171.5255505251317 139.78377936688207 139.76289427204713 157.34535722530129 157.93815009643987 46.74032585021648 105.88127423358398 119.25961763420023 119.65518668305289 167.5357642214267
30.0 71.09207128178019 76.89020259714428 65.29393996637623 82.68833391303937 88.50178014255485 108.67152384541089 111.12767747420523 114.84927851444368 59.58077539129172 53.9354429929295 48.2901105952902 42.64477819699111 32.644778197119734 21.243881167593926 15.666255825968108 12.136232618868563 0.0 18.457186805092686 41.21534024224738 56.18135380810983 58.05881396891765 111.36055704701099 117.04210237103439 120.25734701035398 135.89227496565366 136.38857653238165 144.30750809647952 120.80593652768836 129.0766480722451 130.26065514010136 138.6342359466032 144.46640888481795 149.90337964481122 75.35631858857705 81.26279088942799 85.0319188536368 97.5558059081512 93.48271080116973 126.81168979222741 134.74194363344634 144.60967202707167 152.98772123538816 162.07051303825492 145.49849424167752 18.21317255149989 26.890811967484503 27.351795310856932 36.096826706497964 46.09682670654914 55.945693098658964 49.826553458844025 49.62681487565992 115.9297936863048 118.5076038149715 26.09536740334502 45.396413894389696 46.52863157859713 85.35631858526784 95.33424441446518 47.53063022050641 46.71362453153302 128.3816214180613 120.22344826561142 126.62298625752896 121.72206703077057 136.26492964960016 113.21847974627686 171.998985405626 140.2572142478049 140.23632915288906 157.81879210750452 158.41158497875205 58.87655846933449 118.01750686516078 131.39585024814284 131.79141928430468 168.00919910376467
31.0 76.93959058578325 82.73772190197958 71.1414592717242 88.53585321740766 94.3492994471492 114.51904315085685 116.9751967791746 120.69679781835123 65.42829469358477 59.78296229758857 54.13762989981764 48.4922975000377 38.49229750115596 27.091400471106784 21.51377513064061 6.320954186316472 18.457186805092686 0.0 22.758153437646854 37.7241670034137 39.601627167735614 117.20807635040242 122.88962167601997 126.10486631574659 141.739794270746 142.23609583654192 150.15502740170191 126.65345583247469 134.9241673764054 136.10817444410299 144.48175525154753 150.31392819019771 155.75089894989082 56.89913178219461 62.80560409042013 66.5747320471493 79.09861909391829 75.02552399778423 132.65920909758887 140.58946293797337 150.45719133122273 158.83524053993156 167.9180323435242 151.3460135467002 36.670359356928 45.34799877268698 45.80898211591442 17.639639901262655 27.63963990113775 37.488506293338716 31.36936665356106 31.16962807029706 121.7773129909352 124.35512311975704 44.552554208978435 63.853600699198736 64.98581838371554 66.89913178240751 76.8770576132631 29.073443415244007 28.256437726292496 134.2291407222411 126.070967568946 132.47050556183893 127.56958633598268 142.1124489534955 94.76129294555491 177.84650471149317 146.1047335524167 146.0838484579229 163.66631141163148 164.2591042826994 40.41937166385534 99.56032004176271 112.9386634416513 113.334232476992 173.8567184080686
36.0 99.69774402435849 105.49587533855893 93.89961270875028 111.29400665417671 117.10745288514187 137.27719658750615 139.73335021549647 143.45495125554805 88.18644813368914 82.5411157359304 76.89578333680292 71.25045093918352 61.25045093982942 49.84955391001276 44.27192856927042 29.079107623837714 41.21534024224738 22.758153437646854 0.0 14.96601356613898 16.843473729808196 139.96622978889167 145.64777511487574 148.86301975423942 164.4979477064788 164.99424927362935 172.91318083810134 149.41160926991984 157.68232081406097 158.86632788205878 167.2399086891699 173.07208162727147 178.50905238674662 34.14097834510202 40.04745064921791 43.81657861216756 56.340465668713634 52.26737054094916 155.41736253468147 163.34761637704037 173.2153447683062 181.59339397857144 190.67618578405984 174.1041669844871 59.428512793884764 68.10615221025384 68.56713555344459 27.9080875458704 37.90808755026737 47.75695393921864 41.637814301273494 41.438075717997265 144.53546642801598 147.11327655754286 67.31070764733924 86.61175413495081 87.7439718218624 44.14097834475625 54.11890417435606 23.563945235669934 22.746939546953886 156.98729416296123 148.8291210068195 155.22865900028415 150.3277397730232 164.87060239236598 72.00313949963335 200.60465814960827 168.86288699127488 168.84200189495107 186.42446484803224 187.01725772019984 50.68781931288734 76.80216662123064 90.18051000024587 90.57607904354103 196.6148718454328
39.0 114.66375758863767 120.46188890617572 108.86562627445733 126.26002022108082 132.07346645181002 152.24321015165748 154.69936378184815 158.4209648217983 103.15246170003711 97.50712930109343 91.86179690281838 86.21646450626329 76.21646450285637 64.81556747446785 59.23794213514827 44.04512119036843 56.18135380810983 37.7241670034137 14.96601356613898 0.0 13.090083951571643 154.9322433541306 160.61378867626755 163.82903331799542 179.46396127610976 179.9602628381798 187.87919440471478 164.37762283549117 172.64833437931975 173.83234144651644 182.20592225249786 188.03809519531546 193.4750659532119 30.38758856739821 36.29406087528316 40.063188833364684 52.587075888380454 48.51398078054187 170.38337609898596 178.31362994133917 188.181358333243 196.55940754002017 205.64219934703414 189.0701805479893 74.39452635881304 83.072165777135 83.53314911861926 42.874101114979624 52.874101115942295 62.722967509176016 56.60382786506244 56.40408928560668 159.5014799940156 162.07929012419518 82.27672121218646 101.57776770248435 102.70998538584492 40.38758856841759 50.365514398046656 38.529958805383316 37.71295311247198 171.953307724394 163.79513457257053 170.1946725659488 165.29375334096164 179.83661595753853 68.24974973007653 215.5706717173204 183.8289005572211 183.8080154590527 201.39047841458392 201.98327128516627 65.6538328806879 73.04877684498845 86.42712022844589 86.82268926699683 211.5808854127029
40.0 116.54121775296566 122.33934906723641 110.74308643549932 128.13748038038992 133.95092661423263 154.12067031680292 156.5768239417636 160.29842498629085 105.02992186413078 99.38458946486139 93.73925706632488 88.09392466692356 78.09392466369545 66.69302764054984 61.1154022993187 45.92258135257503 58.05881396891765 39.601627167735614 16.843473729808196 13.090083951571643 0.0 156.80970351821267 162.4912488408017 165.70649347989223 181.34142143693174 181.8377230022283 189.75665456559761 166.25508299873388 174.52579453710706 175.70980161200134 184.08338241669782 189.91555535372254 195.35252611390843 17.297504616230903 23.20397692121706 26.973104882242893 39.496991937047234 35.423896827527756 172.26083626484564 180.1910901081303 190.05881850078524 198.43686770865742 207.51965950848268 190.94764071447452 76.271986521401 84.94962593691366 85.41060928312486 44.75156127808957 54.751561277483006 64.60042767019638 58.48128803120143 58.281549447190955 161.37894015564893 163.95675028357115 84.15418137268455 103.45522786094634 104.58744554680888 27.297504616144135 37.27543044581986 40.407418964379815 39.5904132742542 173.8307678883133 165.67259473598688 172.0721327282563 167.17121350116054 181.7140761196971 55.159665779205824 217.4481318776056 185.70636071690436 185.6854756207075 203.26793857927024 203.86073144886615 67.53129304344122 59.958692890902114 73.33703627644539 73.73260531601387 213.4583455733848
42.0 40.26848576526909 34.47035444938818 46.066617080185885 28.67222313376698 22.8587769037422 31.421512118006586 33.87766574613144 37.59926678602707 51.77978165482577 57.42511405392581 63.07044645171424 68.7157788496471 78.71577884943234 90.11667587941051 95.69430122032165 110.88712216514486 111.36055704701099 117.20807635040242 139.96622978889167 154.9322433541306 156.80970351821267 0.0 23.52933126736054 26.74457590666771 42.37950386137922 42.87580542881075 50.79473699250676 9.445379481853978 17.716091025219356 18.900098093184212 27.27367890047129 33.10585183951979 38.54282259841697 174.10720813375886 180.0136804392621 183.78280839754044 196.30669544330235 192.23360033809905 33.298918688525006 41.2291725297152 51.09690092235273 59.47495013118379 68.55774193484412 51.985723137201234 129.57372959717247 138.25136901399247 138.71235235739454 134.8477162515919 144.8477162527492 154.6965826444594 148.57744300517558 148.37770442118696 38.679781958515136 41.257592087361 137.45592444974682 156.75697094121455 157.88918862478607 184.10720813303104 194.08513395934628 146.28151976614055 145.46451407685709 51.13160969016661 42.97343653647262 49.372974529264724 44.472055303134866 59.014917921249975 211.96936927899512 78.48621430277062 28.896657201358728 28.875772107156177 46.45823506090596 47.0510279317534 157.62744801575755 216.7683963966673 230.14673979410514 230.5423088364254 56.648642057503594
43.0 45.95003108831855 40.15189977365033 51.748162404058995 34.35376845856588 28.540322228719003 37.103057442397585 39.55921107319113 43.28081211065792 57.46132698001439 63.10665937794895 68.7519917763692 74.39732417464123 84.39732417483063 95.79822120391485 101.37584654586993 116.56866749030411 117.04210237103439 122.88962167601997 145.64777511487574 160.61378867626755 162.4912488408017 23.52933126736054 0.0 15.495174937561622 18.850172594750426 19.346474160876856 27.265405725677745 32.97471074793974 41.24542229238119 42.429429360344685 50.80301016733032 56.63518310631443 62.07215386554219 179.78875345485613 185.69522576188766 189.46435372008347 201.98824079506136 197.91514568055038 22.049517719287607 29.97977156065504 39.84749995352696 48.22554916257069 57.308340965587256 28.456391870478893 135.25527492259414 143.9329143388521 144.39389768243228 140.5292615775797 150.529261577442 160.37812796867962 154.25898833017942 154.05924974576357 44.36132728283881 46.939137412015214 143.13746977427715 162.43851626537293 163.5707339505451 189.7887534550748 199.76667928682005 151.96306509163486 151.14605940255234 56.81315501499934 48.654981861054374 55.05451985329283 50.15360062740457 64.69646324536669 217.6509146011582 67.23681333355422 52.42598846915707 52.40510337372059 69.98756632787827 70.58035919869674 163.30899333990567 222.44994173354212 235.82828511019235 236.22385418884215 80.17797332373222
44.0 49.165275728387144 43.367144413221546 54.96340704471072 37.56901309841323 31.75556686873913 40.31830208221397 42.7744557124199 46.4960567506222 60.676571619832856 66.32190401762597 71.96723641596724 77.61256881427241 87.61256881441696 99.01346584373489 104.5910911851011 119.78391212939496 120.25734701035398 126.10486631574659 148.86301975423942 163.82903331799542 165.70649347989223 26.74457590666771 15.495174937561622 0.0 34.34534753288622 34.841649098359795 42.76058066407952 36.18995538848741 44.46066693204628 45.64467400025045 54.01825480711295 59.850427746032935 65.28739850534069 183.0039980955686 188.9104704013401 192.67959836207518 205.2034854097662 201.13039029422526 6.554342781623932 14.484596622836953 24.35232501545882 32.73037422419964 41.813166028207135 43.951566808669696 138.47051956223373 147.14815897847456 147.60914232157904 143.74450621700169 153.74450621695013 163.59337260972228 157.47423296986472 157.27449438663808 47.576571922258296 50.15438205163974 146.35271441452267 165.65376090608487 166.78597858894256 193.00399809660186 202.98192392250974 155.17830973039577 154.36130404171644 60.0283996550548 51.87022650077077 58.26976449423238 53.36884526757051 67.91170788624119 220.86615923343106 51.74163839583176 55.64123310855951 55.62034801373095 73.20281096756268 73.79560383882436 166.5242379784827 225.66518638162643 239.0435297662466 239.43909879219208 83.39321796347403
46.0 64.80020368321641 59.002072369132925 70.59833499925804 53.20394105313542 47.390494821474164 55.953230036755826 58.40938366518009 62.13098470536427 76.3114995747391 81.95683197240982 87.60216437132547 93.2474967691897 103.24749676895196 114.64839379839908 120.2260191403767 135.41884008410184 135.89227496565366 141.739794270746 164.4979477064788 179.46396127610976 181.34142143693174 42.37950386137922 18.850172594750426 34.34534753288622 0.0 18.900249252168923 8.41523313095652 51.82488334340752 60.09559488692169 61.27960195460757 69.65318276168814 75.48535570100714 80.92232646015839 198.63892605216682 204.54539835918223 208.31452631755502 220.83841338049896 216.76531825797957 40.89969031422608 48.82994415565109 58.697672547973795 67.07572175705903 76.15851356047246 28.010166962106876 154.10544751852518 162.7830869334332 163.2440702764652 159.37943417222317 169.37943417294468 179.22830056420378 173.10916092505096 172.90942234202072 63.21149987751696 65.78931000657408 161.98764236940985 181.28868886008092 182.42090654485983 208.6389260535227 218.6168518825969 170.8132376854066 169.99623199692837 75.66332760944032 67.50515445592086 73.9046924462771 69.00377322240804 83.54663583959069 236.50108720701672 86.08698592864519 71.27616106320718 71.25527596883977 88.83773892189234 89.4305317931984 182.1591659340123 241.30011434327963 254.67845771026515 255.07402676598846 99.02814591860889
47.0 65.29650525016375 59.4983739346511 71.09463656391799 53.7002426193346 47.88679638873985 56.44953160326726 58.90568523102479 62.627286271250625 76.80780113925016 82.45313353867857 88.09846593584628 93.74379833520327 103.74379833478744 115.14469536432844 120.72232070562018 135.9151416504949 136.38857653238165 142.23609583654192 164.99424927362935 179.9602628381798 181.8377230022283 42.87580542881075 19.346474160876856 34.841649098359795 18.900249252168923 0.0 27.315482383090966 52.32118490897109 60.591896452624226 61.77590352099633 70.14948432783379 75.98165726682763 81.41862802609738 199.13522761527074 205.04169992123633 208.81082788101634 221.33471493834358 217.26161981635732 41.39599187956808 49.32624572181054 59.19397411386422 67.57202332310021 76.65481512608079 9.109917710033896 154.60174908293126 163.27938849973162 163.74037184175498 159.87573573737288 169.87573573794117 179.72460212921783 173.60546248989658 173.40572390817454 63.70780144366837 66.28561157210152 162.48394393404135 181.7849904260467 182.9172081095848 209.13522761933189 219.11315344882172 171.3095392512108 170.4925335627286 76.15962917543268 68.00145602090791 74.40099401436237 69.5000747880855 84.0429374060534 236.9973887644681 86.5832874943941 71.7724626289612 71.75157753328028 89.33404048818193 89.92683335862594 182.6554675013273 241.79641588073872 255.1747592612423 255.57032831726553 99.52444748417159
48.0 73.2154368153915 67.41730549906727 79.0135681302806 61.61917418313838 55.80572795339769 64.36846316768872 66.82461679608093 70.54621783596738 84.726732705017 90.37206510397337 96.01739750193985 101.66272990004984 111.662729900423 123.06362692942106 128.64125227027415 143.83407321623747 144.30750809647952 150.15502740170191 172.91318083810134 187.87919440471478 189.75665456559761 50.79473699250676 27.265405725677745 42.76058066407952 8.41523313095652 27.315482383090966 0.0 60.2401164742783 68.51082801762819 69.69483508537385 78.06841589282189 83.90058883193413 89.33755959120704 207.05415918464706 212.96063149026295 216.72975945147627 229.25364649638738 225.18055138070682 49.31492344507042 57.24517728690665 67.1129056788471 75.49095488761834 84.57374669195904 36.42540009302637 162.52068064849786 171.19832006433518 171.65930340816385 167.79466730185484 177.79466730345013 187.6435336953092 181.52439405598608 181.32465547179 71.62673300849465 74.20454313708035 170.40287549996816 189.70392199163615 190.8361396752386 217.05415918270114 227.03208501221366 179.2284708163367 178.41146512760247 84.07856074040808 75.92038758662129 82.3199255791515 77.41900635266761 91.96186897094712 244.91632036048853 94.50221906003645 79.69139419386873 79.67050909902412 97.25297205315906 97.84576492409744 190.57439906457728 249.7153474559086 263.09369086083393 263.48925990535787 107.44337904920091
49.0 49.71386524718636 43.915733930886944 55.51199656236775 38.117602616040685 32.304156385471934 40.866891599352556 43.32304522725491 47.04464626745475 61.225161136361024 66.87049353544332 72.51582593340557 78.16115833119498 88.16115833122458 99.56205536065161 105.13968070147858 120.33250164717016 120.80593652768836 126.65345583247469 149.41160926991984 164.37762283549117 166.25508299873388 9.445379481853978 32.97471074793974 36.18995538848741 51.82488334340752 52.32118490897109 60.2401164742783 0.0 8.270711543471847 9.454718611592433 17.828299418535618 23.66047235757666 29.097443116772823 183.55258761323086 189.4590599173678 193.2281878819132 205.7520749306525 201.67897982358852 42.744298170050925 50.67455201147139 60.5422804039 68.9203296129932 78.00312141655715 61.431102619045966 139.01910907955653 147.69674849593235 148.15773183884028 144.29309573457684 154.293095735681 164.14196212582374 158.02282248584726 157.82308390418075 48.12516143979441 50.7029715691001 146.9013039312083 166.20235042277034 167.33456810696902 193.55258761509842 203.53051344579217 155.72689924732452 154.9098935582113 60.57698917207689 52.418816018113546 58.81835401205397 53.91743478508998 68.46029740192063 221.41474878810965 87.93159378432766 19.45127772030316 19.43039262471429 37.012855579176815 37.60564844995071 167.07282749601586 226.2137758901238 239.59211926785053 239.98768833140252 47.20326257682367
